t,H,L
0.0,2.18,4.44
1.0,2.1785616491757107,4.443555290846428
2.0,2.1771397040841522,4.447082093247345
3.0,2.175733848376182,4.450580914432882
4.0,2.1743437746111374,4.454052248064305
5.0,2.172969183927477,4.457496574716618
6.0,2.171609785728448,4.460914362339815
7.0,2.1702652973819694,4.464306066699908
8.0,2.168935443933963,4.467672131800797
9.0,2.1676199578344253,4.471012990287962
10.0,2.1663185786755594,4.474329063834922
11.0,2.165031052941346,4.477620763513337
12.0,2.1637571337679504,4.480888490147569
13.0,2.1624965807144183,4.484132634654496
14.0,2.161249159543131,4.487353578369296
15.0,2.1600146420095268,4.490551693357907
16.0,2.1587928056606267,4.493727342716798
17.0,2.1575834336419253,4.496880880860676
18.0,2.156386314512235,4.5000126537987075
19.0,2.155201242066093,4.503122999399799
20.0,2.1540280151633677,4.506212247647451
21.0,2.1528664375657156,4.509280720884685
22.0,2.1517163177795586,4.512328734049495
23.0,2.150577468905282,4.515356594901264
24.0,2.1494497084923494,4.518364604238561
25.0,2.1483328584000683,4.521353056108709
26.0,2.147226744663736,4.5243222380095
27.0,2.146131197365928,4.527272431083393
28.0,2.145046050512687,4.530203910304555
29.0,2.1439711419143923,4.5331169446590325
30.0,2.142906313071102,4.536011797318378
31.0,2.1418514090621663,4.5388887258069985
32.0,2.140806278439925,4.541747982163508
33.0,2.1397707731273035,4.544589813096333
34.0,2.1387447483191475,4.547414460133822
35.0,2.137728062387124,4.550222159769087
36.0,2.136720576788043,4.5530131435998005
37.0,2.13572215597545,4.555787638463154
38.0,2.134732667314348,4.558545866566178
39.0,2.1337519809989267,4.561288045611626
40.0,2.1327799699731615,4.564014388919579
41.0,2.1318165098541706,4.566725105544971
42.0,2.130861478858213,4.569420400391183
43.0,2.129914757729223,4.572100474319863
44.0,2.128976229669772,4.574765524257127
45.0,2.128045780274365,4.577415743296282
46.0,2.1271232974649745,4.5800513207972084
47.0,2.1262086714287256,4.5826724424825285
48.0,2.1253017945576427,4.5852792905306865
49.0,2.12440256139038,4.587872043666057
50.0,2.1235108685558584,4.590450877246205
51.0,2.1226266147187327,4.593015963346386
52.0,2.1217497005266184,4.595567470841413
53.0,2.120880028559012,4.59810556548497
54.0,2.12001750327784,4.600630409986479
55.0,2.1191620309795742,4.603142164085602
56.0,2.1183135197488525,4.605640984624475
57.0,2.1174718794135536,4.608127025617745
58.0,2.1166370215012678,4.610600438320503
59.0,2.115808859197111,4.613061371294175
60.0,2.1149873073028385,4.615509970470451
61.0,2.1141722821972024,4.617946379213327
62.0,2.113363701797517,4.620370738379319
63.0,2.1125614855223804,4.622783186375911
64.0,2.111765554255516,4.625183859218312
65.0,2.11097583031069,4.627572890584567
66.0,2.1101922373976727,4.629950411869082
67.0,2.1094147005891997,4.632316552234627
68.0,2.1086431462889,4.634671438662857
69.0,2.1078775022001635,4.6370151960034045
70.0,2.107117697295905,4.6393479470216
71.0,2.1063636617892034,4.641669812444852
72.0,2.1056153271047764,4.6439809110077475
73.0,2.104872625851274,4.646281359495899
74.0,2.104135491794352,4.648571272788594
75.0,2.103403859830505,4.6508507639002765
76.0,2.1026776659616337,4.653119944020906
77.0,2.101956847270318,4.6553789225552205
78.0,2.101241341895777,4.657627807160952
79.0,2.100531089010492,4.659866703786016
80.0,2.0998260287974673,4.662095716704717
81.0,2.099126102428113,4.664314948552991
82.0,2.098431252040728,4.666524500362732
83.0,2.0977414207195593,4.66872447159521
84.0,2.097056552474428,4.670914960173628
85.0,2.0963765922208957,4.6730960625148334
86.0,2.0957014857609595,4.6752678735602125
87.0,2.095031179764254,4.677430486805797
88.0,2.094365621749749,4.679583994331601
89.0,2.093704760067926,4.6817284868302185
90.0,2.093048543883417,4.683864053634695
91.0,2.0923969231580912,4.6859907827457015
92.0,2.091749848634581,4.688108760858037
93.0,2.0911072718202246,4.690218073386462
94.0,2.0904691449714226,4.6923188044909026
95.0,2.089835421078387,4.694411037101031
96.0,2.0892060538502784,4.696494852940249
97.0,2.0885809977007135,4.698570332549079
98.0,2.0879602077336363,4.700637555308002
99.0,2.08734363972954,4.70269659945973
100.0,2.08673125013203,4.70474754213096
101.0,2.086122996034715,4.706790459353594
102.0,2.085518835168424,4.708825426085467
103.0,2.0849187258887314,4.710852516230579
104.0,2.0843226271637847,4.712871802658851
105.0,2.0837304985624288,4.714883357225421
106.0,2.0831423002426117,4.7168872507894894
107.0,2.0825579929400724,4.718883553232727
108.0,2.0819775379572927,4.72087233347726
109.0,2.081400897152715,4.722853659503237
110.0,2.0808280329302136,4.724827598366001
111.0,2.0802589082288097,4.726794216212865
112.0,2.0796934865126326,4.728753578299513
113.0,2.0791317317611098,4.730705749006023
114.0,2.0785736084593847,4.732650791852539
115.0,2.0780190815889585,4.734588769514587
116.0,2.0774681166185425,4.736519743838055
117.0,2.076920679495122,4.738443775853834
118.0,2.0763767366352224,4.740360925792146
119.0,2.075836254916375,4.742271253096549
120.0,2.075299201668771,4.744174816437638
121.0,2.0747655446671067,4.746071673726453
122.0,2.0742352521226093,4.747961882127591
123.0,2.07370829267524,4.749845498072035
124.0,2.0731846353860695,4.751722577269714
125.0,2.0726642497298227,4.753593174721785
126.0,2.0721471055875864,4.755457344732664
127.0,2.0716331732396753,4.757315140921791
128.0,2.071122423358656,4.759166616235158
129.0,2.0706148270025193,4.7610118229565845
130.0,2.0701103556080014,4.762850812718766
131.0,2.0696089809840483,4.764683636514085
132.0,2.0691106753054203,4.766510344705201
133.0,2.068615411106432,4.768330987035422
134.0,2.0681231612748254,4.770145612638864
135.0,2.067633899045774,4.7719542700504
136.0,2.0671475979960108,4.773757007215401
137.0,2.0666642320380797,4.775553871499294
138.0,2.066183775414709,4.777344909696907
139.0,2.065706202693299,4.779130168041648
140.0,2.0652314887605256,4.780909692214473
141.0,2.0647596088170554,4.7826835273527015
142.0,2.0642905383723664,4.78445171805864
143.0,2.063824253239679,4.786214308408036
144.0,2.0633607295309857,4.787971341958373
145.0,2.0628999436521864,4.789722861756995
146.0,2.0624418722983173,4.791468910349072
147.0,2.061986492448879,4.793209529785414
148.0,2.0615337813632575,4.794944761630133
149.0,2.0610837165762352,4.796674646968154
150.0,2.060636275893594,4.798399226412577
151.0,2.0601914373878016,4.800118540111912
152.0,2.0597491793937883,4.8018326277571575
153.0,2.0593094805048002,4.803541528588758
154.0,2.0588723195683403,4.805245281403422
155.0,2.0584376756821827,4.806943924560813
156.0,2.0580055281904697,4.808637495990118
157.0,2.0575758566798803,4.8103260331964846
158.0,2.057148640975875,4.812009573267344
159.0,2.05672386113901,4.8136881528786155
160.0,2.0563014974613276,4.815361808300797
161.0,2.055881530462808,4.817030575404936
162.0,2.0554639408878943,4.8186944896685
163.0,2.05504870970208,4.820353586181132
164.0,2.054635818088563,4.822007899650305
165.0,2.0542252474449607,4.823657464406869
166.0,2.0538169793800876,4.825302314410507
167.0,2.0534109957107924,4.8269424832550785
168.0,2.0530072784588547,4.828578004173877
169.0,2.0526058098479383,4.83020891004479
170.0,2.0522065723006016,4.831835233395367
171.0,2.0518095484353607,4.833457006407796
172.0,2.0514147210638103,4.835074260923793
173.0,2.0510220731877924,4.836687028449405
174.0,2.050631587996621,4.838295340159726
175.0,2.050243248864353,4.839899226903534
176.0,2.049857039347112,4.841498719207846
177.0,2.0494729431804566,4.843093847282388
178.0,2.0490909442767995,4.8446846410239965
179.0,2.04871102672287,4.846271130020936
180.0,2.0483331747772233,4.847853343557147
181.0,2.047957372867792,4.849431310616416
182.0,2.047583605589484,4.8510050598864805
183.0,2.0472118577018192,4.8525746197630575
184.0,2.0468421141266107,4.854140018353808
185.0,2.046474359945684,4.855701283482233
186.0,2.046108580398638,4.8572584426915
187.0,2.045744760880644,4.858811523248212
188.0,2.0453828869402826,4.8603605521461075
189.0,2.0450229442774184,4.861905556109701
190.0,2.0446649187411103,4.863446561597861
191.0,2.04430879632756,4.864983594807334
192.0,2.0439545631780915,4.8665166816762
193.0,2.0436022055771694,4.868045847887282
194.0,2.0432517099504484,4.869571118871491
195.0,2.0429030628628553,4.871092519811122
196.0,2.042556251016705,4.8726100756430935
197.0,2.042211261249847,4.874123811062131
198.0,2.041868080533843,4.8756337505239085
199.0,2.0415266959721765,4.877139918248125
200.0,2.0411870947984885,4.878642338221546
201.0,2.0408492643748466,4.880141034200986
202.0,2.040513192190041,4.881636029716248
203.0,2.0401788658579076,4.883127348073013
204.0,2.0398462731156797,4.884615012355686
205.0,2.0395154018223662,4.886099045430197
206.0,2.0391862399571576,4.887579469946755
207.0,2.0388587756178556,4.88905630834256
208.0,2.0385329970193293,4.890529582844476
209.0,2.0382088924919985,4.891999315471652
210.0,2.0378864504803365,4.893465528038116
211.0,2.0375656595414013,4.894928242155318
212.0,2.0372465083433893,4.896387479234637
213.0,2.03692898566421,4.897843260489848
214.0,2.036613080390086,4.899295606939556
215.0,2.036298781514174,4.900744539409584
216.0,2.035986078135208,4.902190078535332
217.0,2.0356749594561623,4.903632244764095
218.0,2.035365414782938,4.905071058357351
219.0,2.0350574335230682,4.906506539393008
220.0,2.0347510051844453,4.907938707767619
221.0,2.034446119374065,4.90936758319857
222.0,2.0341427657967923,4.910793185226223
223.0,2.0338409342541466,4.912215533216037
224.0,2.0335406146431048,4.913634646360655
225.0,2.0332417969549215,4.915050543681954
226.0,2.0329444712739706,4.916463244033073
227.0,2.032648627776601,4.917872766100407
228.0,2.032354256730012,4.91927912840557
229.0,2.032061348491146,4.920682349307332
230.0,2.0317698935055946,4.9220824470035245
231.0,2.0314798823065274,4.923479439532922
232.0,2.03119130551363,4.924873344777093
233.0,2.030904153832063,4.926264180462224
234.0,2.0306184180514344,4.927651964160918
235.0,2.0303340890447874,4.929036713293971
236.0,2.0300511577676037,4.930418445132114
237.0,2.0297696152568214,4.931797176797735
238.0,2.029489452629868,4.933172925266579
239.0,2.029210661083707,4.934545707369418
240.0,2.028933231893897,4.935915539793703
241.0,2.028657156413669,4.937282439085186
242.0,2.0283824260730134,4.938646421649523
243.0,2.02810903237778,4.940007503753857
244.0,2.027836966908794,4.941365701528372
245.0,2.0275662213209826,4.942721030967828
246.0,2.0272967873425154,4.94407350793308
247.0,2.0270286567739557,4.945423148152565
248.0,2.026761821487426,4.946769967223776
249.0,2.0264962734257845,4.9481139806147185
250.0,2.0262320046018116,4.949455203665333
251.0,2.025969007097412,4.950793651588914
252.0,2.0257072730628236,4.952129339473499
253.0,2.025446794715842,4.953462282283242
254.0,2.0251875643410524,4.954792494859769
255.0,2.0249295742890734,4.95611999192351
256.0,2.024672816975813,4.957444788075023
257.0,2.024417284881733,4.958766897796288
258.0,2.0241629705511244,4.960086335451991
259.0,2.023909866591393,4.96140311529079
260.0,2.023657965672356,4.962717251446559
261.0,2.023407260525545,4.964028757939624
262.0,2.023157743943523,4.965337648677972
263.0,2.0229094087792077,4.966643937458453
264.0,2.0226622479452043,4.967947637967961
265.0,2.0224162544131503,4.9692487637845995
266.0,2.0221714212130655,4.970547328378833
267.0,2.021927741432713,4.971843345114625
268.0,2.0216852082169683,4.973136827250554
269.0,2.021443814767198,4.974427787940923
270.0,2.0212035543406444,4.97571624023685
271.0,2.020964420249822,4.977002197087347
272.0,2.020726405861918,4.9782856713403785
273.0,2.0204895045982054,4.979566675743916
274.0,2.020253709933459,4.98084522294697
275.0,2.020019015395383,4.982121325500613
276.0,2.0197854145640464,4.983394995858992
277.0,2.019552901071321,4.984666246380319
278.0,2.019321468600334,4.985935089327857
279.0,2.0190911108849203,4.9872015368708915
280.0,2.0188618217090903,4.988465601085688
281.0,2.0186335949064964,4.989727293956435
282.0,2.0184064243599122,4.990986627376186
283.0,2.018180304000717,4.992243613147771
284.0,2.017955227808385,4.9934982629847156
285.0,2.0177311898099846,4.994750588512135
286.0,2.0175081840796807,4.996000601267624
287.0,2.0172862047382467,4.9972483127021325
288.0,2.0170652459525806,4.998493734180832
289.0,2.0168453019352284,4.999736876983971
290.0,2.0166263669439117,5.000977752307715
291.0,2.016408435281065,5.002216371264983
292.0,2.016191501293376,5.003452744886273
293.0,2.0159755593713315,5.004686884120471
294.0,2.015760603948771,5.005918799835655
295.0,2.0155466295024462,5.007148502819891
296.0,2.015333630551582,5.008376003782014
297.0,2.015121601657449,5.0096013133524
298.0,2.0149105374229364,5.010824442083734
299.0,2.0147004324921336,5.012045400451763
300.0,2.014491281549915,5.013264198856043
301.0,2.01428307932153,5.014480847620675
302.0,2.0140758205722,5.015695356995033
303.0,2.0138695001067184,5.016907737154482
304.0,2.0136641127690567,5.0181179982010935
305.0,2.0134596534419753,5.01932615016434
306.0,2.0132561170466383,5.020532203001794
307.0,2.0130534985422344,5.021736166599812
308.0,2.0128517929256007,5.02293805077421
309.0,2.0126509952308536,5.024137865270934
310.0,2.0124511005290215,5.025335619766721
311.0,2.012252103927684,5.026531323869753
312.0,2.0120540005706133,5.027724987120299
313.0,2.0118567856374243,5.028916618991361
314.0,2.0116604543432226,5.030106228889293
315.0,2.0114650019382627,5.031293826154434
316.0,2.0112704237076064,5.03247942006172
317.0,2.011076714970787,5.03366301982129
318.0,2.0108838710814783,5.034844634579094
319.0,2.010691887427164,5.03602427341748
320.0,2.0105007594288167,5.037201945355788
321.0,2.010310482540574,5.038377659350927
322.0,2.010121052249426,5.039551424297953
323.0,2.0099324640748986,5.04072324903063
324.0,2.009744713568747,5.041893142321998
325.0,2.0095577963146503,5.043061112884923
326.0,2.009371707927907,5.0442271693726495
327.0,2.0091864440551404,5.045391320379338
328.0,2.009002000374001,5.046553574440604
329.0,2.0088183725928763,5.047713940034046
330.0,2.0086355564506033,5.048872425579771
331.0,2.0084535477161825,5.050029039440911
332.0,2.008272342188498,5.051183789924137
333.0,2.0080919356960383,5.052336685280161
334.0,2.0079123240966226,5.053487733704242
335.0,2.007733503277129,5.0546369433366785
336.0,2.0075554691532242,5.055784322263297
337.0,2.007378217669101,5.056929878515938
338.0,2.0072017447972135,5.058073620072932
339.0,2.0070260465380185,5.059215554859578
340.0,2.0068511189197196,5.060355690748605
341.0,2.0066769579980126,5.061494035560641
342.0,2.0065035598558363,5.062630597064667
343.0,2.006330920603123,5.0637653829784695
344.0,2.006159036376554,5.064898400969092
345.0,2.005987903339319,5.066029658653275
346.0,2.0058175176808746,5.067159163597895
347.0,2.0056478756167073,5.068286923320398
348.0,2.0054789733881013,5.069412945289228
349.0,2.005310807261905,5.07053723692425
350.0,2.005143373530303,5.071659805597171
351.0,2.0049766685105896,5.072780658631953
352.0,2.0048106885449446,5.0738998033052285
353.0,2.004645430000212,5.075017246846698
354.0,2.004480889267681,5.076132996439538
355.0,2.004317062762869,5.077247059220799
356.0,2.0041539469253085,5.0783594422817915
357.0,2.003991538218334,5.079470152668484
358.0,2.0038298331288735,5.08057919738188
359.0,2.003668828167241,5.081686583378405
360.0,2.0035085198669305,5.082792317570278
361.0,2.003348904784415,5.083896406825889
362.0,2.0031899794989445,5.084998857970162
363.0,2.003031740612349,5.086099677784927
364.0,2.0028741847488405,5.087198873009273
365.0,2.0027173085548213,5.088296450339911
366.0,2.002561108698689,5.089392416431527
367.0,2.00240558187065,5.090486777897129
368.0,2.002250724782528,5.0915795413083975
369.0,2.002096534167581,5.092670713196023
370.0,2.0019430067803166,5.093760300050048
371.0,2.001790139396309,5.094848308320204
372.0,2.0016379288120194,5.095934744416238
373.0,2.00148637184462,5.097019614708248
374.0,2.001335465331814,5.098102925527005
375.0,2.0011852061316646,5.099184683164274
376.0,2.001035591122421,5.100264893873133
377.0,2.000886617202348,5.101343563868292
378.0,2.000738281289556,5.102420699326398
379.0,2.0005905803218367,5.1034963063863525
380.0,2.000443511256494,5.104570391149611
381.0,2.0002970710701833,5.105642959680488
382.0,2.0001512567587487,5.106714018006458
383.0,2.000006065337062,5.107783572118447
384.0,1.9998614938388644,5.108851627971134
385.0,1.9997175393166104,5.109918191483237
386.0,1.9995741988413116,5.110983268537799
387.0,1.9994314695023832,5.112046864982478
388.0,1.9992893484074918,5.113108986629825
389.0,1.999147832682405,5.114169639257566
390.0,1.9990069194708422,5.115228828608878
391.0,1.998866605934327,5.116286560392659
392.0,1.9987268892520411,5.117342840283805
393.0,1.9985877666206804,5.118397673923474
394.0,1.998449235254311,5.119451066919354
395.0,1.9983112923842288,5.120503024845926
396.0,1.9981739352588177,5.121553553244721
397.0,1.9980371611434125,5.122602657624584
398.0,1.9979009673201604,5.123650343461923
399.0,1.9977653510878857,5.1246966162009695
400.0,1.9976303097619545,5.12574148125402
401.0,1.9974958406741425,5.126784944001693
402.0,1.997361941172502,5.127827009793165
403.0,1.9972286086212319,5.1288676839464244
404.0,1.997095840400548,5.129906971748503
405.0,1.996963633906556,5.130944878455721
406.0,1.9968319865511228,5.131981409293919
407.0,1.9967008957617531,5.133016569458697
408.0,1.9965703589814638,5.134050364115637
409.0,1.9964403736686618,5.135082798400545
410.0,1.9963109372970214,5.136113877419668
411.0,1.9961820473553644,5.137143606249924
412.0,1.9960537013475403,5.138171989939123
413.0,1.9959258967923081,5.139199033506191
414.0,1.9957986312232192,5.140224741941385
415.0,1.9956719021885012,5.14124912020651
416.0,1.995545707250944,5.142272173235138
417.0,1.9954200439877847,5.1432939059328175
418.0,1.995294909990596,5.144314323177282
419.0,1.9951703028651748,5.1453334298186615
420.0,1.9950462202314305,5.146351230679691
421.0,1.994922659723277,5.147367730555911
422.0,1.9947996189885238,5.1483829342158725
423.0,1.9946770956887687,5.149396846401339
424.0,1.9945550874992917,5.150409471827483
425.0,1.9944335921089493,5.1514208151830845
426.0,1.9943126072200712,5.152430881130729
427.0,1.9941921305483563,5.153439674306996
428.0,1.9940721598227704,5.154447199322655
429.0,1.9939526927854454,5.155453460762852
430.0,1.9938337271915787,5.156458463187304
431.0,1.993715260809334,5.157462211130478
432.0,1.9935972914197426,5.1584647091017795
433.0,1.993479816816606,5.159465961585736
434.0,1.9933628348063994,5.16046597304218
435.0,1.9932463432081762,5.161464747906422
436.0,1.9931303398534728,5.1624622905894375
437.0,1.9930148225862148,5.163458605478039
438.0,1.9928997892626241,5.16445369693505
439.0,1.9927852377511273,5.165447569299482
440.0,1.992671165932263,5.166440226886702
441.0,1.9925575716985926,5.167431673988607
442.0,1.9924444529546104,5.168421914873789
443.0,1.9923318076166547,5.169410953787705
444.0,1.9922196336128197,5.170398794952842
445.0,1.992107928882869,5.17138544256888
446.0,1.991996691378148,5.172370900812857
447.0,1.9918859190614997,5.173355173839329
448.0,1.9917756099071795,5.174338265780528
449.0,1.9916657619007707,5.175320180746525
450.0,1.991556373039102,5.176300922825382
451.0,1.9914474413301644,5.177280496083312
452.0,1.9913389647930302,5.178258904564831
453.0,1.9912309414577716,5.179236152292909
454.0,1.9911233693653803,5.180212243269129
455.0,1.9910162465676884,5.1811871814738275
456.0,1.9909095711272895,5.18216097086625
457.0,1.9908033411174606,5.183133615384697
458.0,1.9906975546220844,5.184105118946668
459.0,1.9905922097355735,5.185075485449012
460.0,1.9904873045627933,5.1860447187680645
461.0,1.9903828372189876,5.187012822759796
462.0,1.9902788058297036,5.1879798012599485
463.0,1.9901752085307178,5.1889456580841795
464.0,1.9900720434679633,5.189910397028199
465.0,1.9899693087974561,5.190874021867906
466.0,1.9898670026852243,5.191836536359527
467.0,1.9897651233072358,5.192797944239751
468.0,1.989663668849328,5.193758249225862
469.0,1.989562637507138,5.194717455015875
470.0,1.9894620274860322,5.1956755652886635
471.0,1.989361837001038,5.196632583704096
472.0,1.9892620642767758,5.19758851390316
473.0,1.989162707547391,5.198543359508092
474.0,1.9890637650564866,5.199497124122508
475.0,1.9889652350570575,5.200449811331526
476.0,1.9888671158114237,5.201401424701895
477.0,1.9887694055911658,5.202351967782113
478.0,1.9886721026770595,5.203301444102558
479.0,1.9885752053590122,5.204249857175604
480.0,1.9884787119359983,5.2051972104957445
481.0,1.9883826207159971,5.206143507539713
482.0,1.9882869300159296,5.207088751766602
483.0,1.988191638161597,5.208032946617977
484.0,1.9880967434876184,5.208976095518001
485.0,1.9880022443373713,5.2099182018735455
486.0,1.9879081390629296,5.210859269074305
487.0,1.9878144260250046,5.211799300492915
488.0,1.9877211035928852,5.2127382994850615
489.0,1.9876281701443794,5.213676269389595
490.0,1.9875356240657558,5.214613213528642
491.0,1.9874434637516851,5.2155491352077155
492.0,1.987351687605184,5.216484037715823
493.0,1.9872602940375568,5.217417924325577
494.0,1.9871692814683402,5.218350798293302
495.0,1.9870786483252465,5.21928266285914
496.0,1.9869883930441086,5.220213521247159
497.0,1.986898514068825,5.221143376665457
498.0,1.9868090098513047,5.222072232306264
499.0,1.9867198788514142,5.223000091346049
500.0,1.9866311195369226,5.223926956945621
501.0,1.9865427303834493,5.22485283225023
502.0,1.9864547098744108,5.225777720389668
503.0,1.9863670565009686,5.226701624478371
504.0,1.9862797687619773,5.227624547615514
505.0,1.9861928451639335,5.228546492885116
506.0,1.9861062842209238,5.229467463356132
507.0,1.9860200844545755,5.23038746208255
508.0,1.9859342443940051,5.231306492103492
509.0,1.9858487625757701,5.232224556443304
510.0,1.9857636375438186,5.233141658111654
511.0,1.98567886784944,5.234057800103623
512.0,1.9855944520512177,5.234972985399802
513.0,1.98551038871498,5.235887216966378
514.0,1.9854266764137531,5.236800497755233
515.0,1.9853433137277128,5.23771283070403
516.0,1.9852602992441384,5.238624218736304
517.0,1.9851776315573657,5.239534664761553
518.0,1.985095309268741,5.240444171675324
519.0,1.985013330986575,5.241352742359303
520.0,1.9849316953260978,5.242260379681402
521.0,1.9848504009094137,5.243167086495846
522.0,1.9847694463654557,5.244072865643257
523.0,1.9846888303299424,5.244977719950741
524.0,1.984608551445333,5.245881652231974
525.0,1.9845286083607845,5.246784665287282
526.0,1.9844489997321075,5.2476867619037275
527.0,1.9843697242217238,5.24858794485519
528.0,1.9842907804986238,5.249488216902452
529.0,1.9842121672383244,5.250387580793273
530.0,1.9841338831228263,5.251286039262478
531.0,1.9840559268405733,5.252183595032034
532.0,1.9839782970864106,5.253080250811127
533.0,1.9839009925615438,5.253976009296247
534.0,1.983824011973499,5.254870873171261
535.0,1.983747354036081,5.2557648451074925
536.0,1.9836710174693355,5.2566579277638
537.0,1.9835950009995074,5.257550123786649
538.0,1.9835193033590026,5.258441435810194
539.0,1.983443923286349,5.259331866456348
540.0,1.983368859526157,5.260221418334862
541.0,1.9832941108290816,5.2611100940433975
542.0,1.9832196759517848,5.261997896167596
543.0,1.983145553656897,5.26288482728116
544.0,1.9830717427129794,5.263770889945917
545.0,1.9829982418944876,5.264656086711899
546.0,1.982925049981734,5.26554042011741
547.0,1.982852165760851,5.266423892689095
548.0,1.982779588023756,5.267306506942013
549.0,1.982707315568113,5.268188265379709
550.0,1.9826353471972988,5.269069170494277
551.0,1.982563681720367,5.269949224766436
552.0,1.9824923179520118,5.270828430665591
553.0,1.9824212547125346,5.271706790649906
554.0,1.9823504908278078,5.27258430716637
555.0,1.9822800251292412,5.273460982650861
556.0,1.9822098564537476,5.274336819528217
557.0,1.9821399836437092,5.275211820212297
558.0,1.9820704055469434,5.276085987106049
559.0,1.9820011210166693,5.276959322601573
560.0,1.9819321289114755,5.2778318290801876
561.0,1.9818634280952867,5.278703508912492
562.0,1.9817950174373304,5.279574364458429
563.0,1.9817268958121055,5.28044439806735
564.0,1.9816590620993497,5.2813136120780735
565.0,1.9815915151840076,5.282182008818952
566.0,1.981524253956199,5.28304959060793
567.0,1.9814572773111878,5.283916359752604
568.0,1.9813905841493504,5.284782318550287
569.0,1.981324173376145,5.285647469288067
570.0,1.9812580439020808,5.286511814242865
571.0,1.9811921946426874,5.287375355681496
572.0,1.9811266245184846,5.288238095860726
573.0,1.9810613324549529,5.289100037027335
574.0,1.9809963173825027,5.289961181418168
575.0,1.9809315782364456,5.2908215312602
576.0,1.9808671139569642,5.291681088770584
577.0,1.980802923489084,5.2925398561567185
578.0,1.9807390057826437,5.293397835616296
579.0,1.9806753597922664,5.294255029337361
580.0,1.9806119844773318,5.295111439498366
581.0,1.980548878801947,5.295967068268227
582.0,1.9804860417349193,5.296821917806376
583.0,1.9804234722497278,5.29767599026282
584.0,1.9803611693244958,5.298529287778188
585.0,1.9802991319419634,5.299381812483792
586.0,1.9802373590894604,5.300233566501673
587.0,1.9801758497588786,5.301084551944659
588.0,1.9801146029466459,5.301934770916417
589.0,1.980053617653699,5.302784225511502
590.0,1.9799928928854567,5.303632917815411
591.0,1.9799324276517942,5.304480849904632
592.0,1.979872220967017,5.305328023846699
593.0,1.9798122718498343,5.30617444170024
594.0,1.9797525793233341,5.307020105515027
595.0,1.9796931424149573,5.307865017332023
596.0,1.979633960156472,5.308709179183441
597.0,1.979575031583949,5.309552593092781
598.0,1.9795163557377369,5.3103952610748895
599.0,1.979457931662436,5.311237185136
600.0,1.9793997584068757,5.312078367273786
601.0,1.9793418350240881,5.312918809477407
602.0,1.9792841605712852,5.313758513727555
603.0,1.979226734109834,5.314597481996504
604.0,1.9791695547052326,5.315435716248156
605.0,1.979112621427087,5.316273218438085
606.0,1.9790559333490871,5.317109990513588
607.0,1.978999489548983,5.317946034413726
608.0,1.9789432891085628,5.318781352069373
609.0,1.978887331113628,5.3196159454032586
610.0,1.9788316146539717,5.320449816330015
611.0,1.9787761388233562,5.321282966756221
612.0,1.978720902719489,5.322115398580444
613.0,1.9786659054440012,5.3229471136932895
614.0,1.9786111461024254,5.323778113977438
615.0,1.9785566238041732,5.324608401307694
616.0,1.9785023376625135,5.325437977551026
617.0,1.9784482867945505,5.326266844566609
618.0,1.978394470321202,5.327095004205869
619.0,1.9783408873671782,5.327922458312525
620.0,1.97828753706096,5.328749208722629
621.0,1.978234418534778,5.329575257264609
622.0,1.9781815309245914,5.33040060575931
623.0,1.978128873370067,5.331225256020037
624.0,1.978076445014559,5.332049209852592
625.0,1.978024245005087,5.332872469055316
626.0,1.977972272492317,5.333695035419134
627.0,1.9779205266305406,5.334516910727586
628.0,1.9778690065776545,5.335338096756873
629.0,1.9778177114951405,5.336158595275896
630.0,1.977766640548046,5.336978408046295
631.0,1.977715792904964,5.337797536822484
632.0,1.977665167738013,5.338615983351696
633.0,1.9776147642228181,5.339433749374015
634.0,1.9775645815384917,5.340250836622419
635.0,1.9775146188676136,5.341067246822816
636.0,1.9774648753962123,5.3418829816940825
637.0,1.9774153503137464,5.342698042948098
638.0,1.977366042813085,5.343512432289787
639.0,1.9773169520904894,5.3443261514171505
640.0,1.9772680773455946,5.345139202021308
641.0,1.9772194177813904,5.345951585786529
642.0,1.9771709726042037,5.346763304390273
643.0,1.9771227410236794,5.347574359503223
644.0,1.9770747222527634,5.348384752789322
645.0,1.9770269155076836,5.349194485905809
646.0,1.9769793200079329,5.350003560503253
647.0,1.9769319349762506,5.35081197822559
648.0,1.9768847596386059,5.351619740710154
649.0,1.9768377932241794,5.352426849587717
650.0,1.9767910349653461,5.353233306482519
651.0,1.9767444840976582,5.354039113012303
652.0,1.976698139859828,5.354844270788349
653.0,1.9766520014937106,5.35564878141551
654.0,1.9766060682442872,5.35645264649224
655.0,1.9765603393596487,5.357255867610633
656.0,1.976514814090978,5.358058446356454
657.0,1.9764694916925345,5.3588603843091684
658.0,1.9764243714216367,5.359661683041981
659.0,1.9763794525386469,5.360462344121863
660.0,1.9763347343069537,5.361262369109585
661.0,1.976290215992957,5.362061759559751
662.0,1.976245896866051,5.36286051702083
663.0,1.976201776198609,5.363658643035186
664.0,1.9761578532659676,5.364456139139109
665.0,1.9761141273464102,5.365253006862848
666.0,1.9760705977211523,5.366049247730641
667.0,1.9760272636743255,5.366844863260745
668.0,1.975984124492962,5.367639854965469
669.0,1.9759411794669794,5.3684342243511995
670.0,1.975898427889166,5.369227972918437
671.0,1.9758558690551649,5.370021102161821
672.0,1.975813502263459,5.370813613570162
673.0,1.9757713268153572,5.3716055086264705
674.0,1.9757293420149782,5.372396788807987
675.0,1.9756875471692368,5.373187455586209
676.0,1.9756459415878285,5.373977510426925
677.0,1.9756045245832154,5.3747669547902355
678.0,1.975563295470612,5.37555579013059
679.0,1.9755222535679702,5.376344017896809
680.0,1.9754813981959656,5.377131639532117
681.0,1.9754407286779831,5.3779186564741694
682.0,1.9754002443401029,5.3787050701550765
683.0,1.9753599445110865,5.379490882001436
684.0,1.9753198285223628,5.38027609343436
685.0,1.9752798957080144,5.3810607058694995
686.0,1.975240145404764,5.381844720717075
687.0,1.9752005769519598,5.382628139381903
688.0,1.975161189691564,5.383410963263419
689.0,1.975121982968137,5.38419319375571
690.0,1.9750829561288261,5.384974832247538
691.0,1.9750441085233506,5.385755880122367
692.0,1.9750054395039895,5.386536338758387
693.0,1.9749669484255685,5.387316209528546
694.0,1.9749286346454462,5.388095493800568
695.0,1.974890497523502,5.388874192936987
696.0,1.9748525364221228,5.389652308295165
697.0,1.9748147507061902,5.3904298412273235
698.0,1.9747771397430678,5.391206793080564
699.0,1.974739702902589,5.391983165196897
700.0,1.9747024395570438,5.392758958913265
701.0,1.974665349081167,5.393534175561568
702.0,1.9746284308521254,5.394308816468687
703.0,1.9745916842495055,5.395082882956511
704.0,1.9745551086553015,5.395856376341959
705.0,1.974518703453903,5.396629297937005
706.0,1.9744824680320827,5.397401649048702
707.0,1.9744464017789853,5.398173430979207
708.0,1.9744105040861146,5.398944645025803
709.0,1.974374774347322,5.3997152924809235
710.0,1.9743392119587944,5.4004853746321775
711.0,1.9743038163190432,5.40125489276237
712.0,1.9742685868288923,5.402023848149526
713.0,1.9742335228914665,5.402792242066918
714.0,1.97419862391218,5.403560075783082
715.0,1.9741638892987252,5.404327350561842
716.0,1.974129318461061,5.405094067662339
717.0,1.9740949108114019,5.405860228339045
718.0,1.9740606657642064,5.40662583384179
719.0,1.974026582736166,5.4073908854157855
720.0,1.9739926611461949,5.408155384301641
721.0,1.9739589004154177,5.408919331735392
722.0,1.973925299967159,5.409682728948519
723.0,1.9738918592269334,5.4104455771679705
724.0,1.973858577622433,5.411207877616181
725.0,1.9738254545835185,5.411969631511098
726.0,1.973792489542207,5.4127308400661995
727.0,1.9737596819326622,5.4134915044905165
728.0,1.9737270311911836,5.414251625988655
729.0,1.9736945367561967,5.4150112057608135
730.0,1.9736621980682414,5.4157702450028085
731.0,1.9736300145699626,5.416528744906093
732.0,1.9735979857060995,5.417286706657775
733.0,1.9735661109234754,5.4180441314406425
734.0,1.9735343896709878,5.418801020433181
735.0,1.973502821399598,5.419557374809593
736.0,1.9734714055623213,5.420313195739822
737.0,1.9734401416142169,5.421068484389566
738.0,1.973409029012378,5.421823241920305
739.0,1.9733780672159218,5.4225774694893145
740.0,1.9733472556859801,5.42333116824969
741.0,1.9733165938856891,5.424084339350362
742.0,1.9732860812801802,5.424836983936119
743.0,1.9732557173365697,5.425589103147627
744.0,1.97322550152395,5.426340698121443
745.0,1.9731954333133797,5.427091769990043
746.0,1.973165512177874,5.427842319881834
747.0,1.9731357375923957,5.428592348921175
748.0,1.9731061090338458,5.429341858228397
749.0,1.9730766259810535,5.43009084891982
750.0,1.9730472879147682,5.430839322107772
751.0,1.9730180943176494,5.43158727890061
752.0,1.9729890446742577,5.432334720402732
753.0,1.9729601384710462,5.4330816477146024
754.0,1.972931375196351,5.433828061932766
755.0,1.9729027543403828,5.434573964149866
756.0,1.9728742753952169,5.4353193554546655
757.0,1.9728459378547856,5.43606423693206
758.0,1.9728177412148686,5.436808609663099
759.0,1.972789684973085,5.437552474725002
760.0,1.9727617686288839,5.4382958331911775
761.0,1.9727339916835356,5.439038686131239
762.0,1.9727063536401237,5.439781034611022
763.0,1.9726788540035363,5.440522879692602
764.0,1.9726514922804574,5.441264222434313
765.0,1.9726242679793584,5.442005063890762
766.0,1.97259718061049,5.442745405112847
767.0,1.9725702296858734,5.443485247147774
768.0,1.9725434147192924,5.444224591039074
769.0,1.972516735226285,5.444963437826618
770.0,1.9724901907241348,5.445701788546637
771.0,1.9724637807318641,5.446439644231733
772.0,1.9724375047702243,5.447177005910902
773.0,1.9724113623616886,5.447913874609545
774.0,1.9723853530304438,5.448650251349486
775.0,1.9723594763023826,5.449386137148989
776.0,1.9723337317050953,5.450121533022772
777.0,1.972308118767862,5.450856439982026
778.0,1.9722826370216449,5.451590859034427
779.0,1.9722572859990806,5.452324791184155
780.0,1.9722320652344723,5.453058237431906
781.0,1.9722069742637818,5.453791198774912
782.0,1.9721820126246221,5.454523676206954
783.0,1.9721571798562498,5.455255670718378
784.0,1.9721324754995577,5.455987183296108
785.0,1.9721078990970666,5.456718214923666
786.0,1.9720834501929188,5.457448766581182
787.0,1.9720591283328697,5.458178839245412
788.0,1.9720349330642812,5.458908433889753
789.0,1.9720108639361138,5.459637551484256
790.0,1.9719869204989195,5.460366192995644
791.0,1.9719631023048347,5.461094359387323
792.0,1.9719394089075726,5.461822051619398
793.0,1.9719158398624161,5.462549270648691
794.0,1.971892394726211,5.463276017428749
795.0,1.9718690730573587,5.464002292909863
796.0,1.9718458744158085,5.464728098039082
797.0,1.9718227983630519,5.465453433760225
798.0,1.971799844462114,5.466178301013898
799.0,1.9717770122775486,5.466902700737504
800.0,1.9717543013754288,5.467626633865263
801.0,1.9717317113233421,5.4683501013282205
802.0,1.971709241690383,5.469073104054265
803.0,1.9716868920471455,5.469795642968137
804.0,1.9716646619657177,5.47051771899145
805.0,1.9716425510196736,5.471239333042696
806.0,1.9716205587840674,5.471960486037268
807.0,1.9715986848354268,5.4726811788874645
808.0,1.971576928751746,5.473401412502508
809.0,1.971555290112479,5.474121187788557
810.0,1.9715337684985341,5.474840505648722
811.0,1.971512363492266,5.475559366983074
812.0,1.97149107467747,5.476277772688659
813.0,1.9714699016393762,5.476995723659516
814.0,1.9714488439646418,5.477713220786682
815.0,1.9714279012413458,5.478430264958211
816.0,1.9714070730589823,5.479146857059185
817.0,1.9713863590084542,5.479862997971724
818.0,1.9713657586820665,5.480578688575004
819.0,1.9713452716735214,5.481293929745265
820.0,1.9713248975779105,5.482008722355826
821.0,1.9713046359917101,5.4827230672770995
822.0,1.9712844865127739,5.483436965376597
823.0,1.9712644487403275,5.484150417518948
824.0,1.9712445222749622,5.484863424565911
825.0,1.9712247067186293,5.485575987376383
826.0,1.9712050016746336,5.486288106806415
827.0,1.9711854067476282,5.486999783709222
828.0,1.9711659215436073,5.487711018935195
829.0,1.9711465456699018,5.488421813331914
830.0,1.9711272787351724,5.48913216774416
831.0,1.9711081203494043,5.489842083013927
832.0,1.9710890701239012,5.490551559980432
833.0,1.9710701276712794,5.491260599480128
834.0,1.9710512926054626,5.491969202346718
835.0,1.9710325645416755,5.492677369411162
836.0,1.9710139430964388,5.49338510150169
837.0,1.970995427887563,5.494092399443816
838.0,1.9709770185341429,5.494799264060347
839.0,1.9709587146565526,5.495505696171397
840.0,1.9709405158764393,5.4962116965943935
841.0,1.9709224218167178,5.496917266144093
842.0,1.9709044321015659,5.497622405632592
843.0,1.9708865463564174,5.498327115869335
844.0,1.9708687642079579,5.499031397661129
845.0,1.970851085284119,5.499735251812154
846.0,1.9708335092140732,5.5004386791239686
847.0,1.9708160356282278,5.501141680395531
848.0,1.9707986641582205,5.501844256423201
849.0,1.9707813944369137,5.502546408000756
850.0,1.970764226098389,5.503248135919396
851.0,1.9707471587779426,5.503949440967763
852.0,1.9707301921120792,5.504650323931943
853.0,1.9707133257385079,5.505350785595483
854.0,1.9706965592961363,5.506050826739396
855.0,1.9706798924250655,5.506750448142177
856.0,1.970663324766585,5.507449650579808
857.0,1.970646855963168,5.508148434825773
858.0,1.970630485658466,5.508846801651065
859.0,1.9706142134973037,5.5095447518241984
860.0,1.9705980391256743,5.510242286111219
861.0,1.9705819621907346,5.510939405275712
862.0,1.9705659823407997,5.511636110078815
863.0,1.9705500992253382,5.512332401279225
864.0,1.9705343124949677,5.513028279633211
865.0,1.9705186218014494,5.513723745894624
866.0,1.9705030267976835,5.514418800814905
867.0,1.9704875271377047,5.515113445143095
868.0,1.9704721224766768,5.515807679625847
869.0,1.9704568124708883,5.516501505007432
870.0,1.970441596777748,5.517194922029754
871.0,1.9704264750557794,5.517887931432354
872.0,1.9704114469646168,5.5185805339524245
873.0,1.9703965121650007,5.519272730324814
874.0,1.9703816703187722,5.519964521282041
875.0,1.9703669210888697,5.520655907554303
876.0,1.9703522641393234,5.521346889869482
877.0,1.9703376991352508,5.522037468953158
878.0,1.9703232257428527,5.522727645528616
879.0,1.9703088436294078,5.523417420316856
880.0,1.9702945524632696,5.524106794036603
881.0,1.9702803519138603,5.524795767404315
882.0,1.9702662416516676,5.5254843411341925
883.0,1.9702522213482396,5.526172515938187
884.0,1.9702382906761808,5.526860292526012
885.0,1.9702244493091474,5.527547671605151
886.0,1.970210696921843,5.528234653880864
887.0,1.9701970331900143,5.5289212400562
888.0,1.9701834577904471,5.529607430832003
889.0,1.9701699704009616,5.530293226906925
890.0,1.9701565707004083,5.530978628977428
891.0,1.9701432583686636,5.5316636377377995
892.0,1.9701300330866258,5.532348253880158
893.0,1.970116894536211,5.53303247809446
894.0,1.9701038424003487,5.533716311068514
895.0,1.9700908763629772,5.534399753487983
896.0,1.9700779961090404,5.535082806036396
897.0,1.970065201324483,5.535765469395156
898.0,1.9700524916962467,5.53644774424355
899.0,1.9700398669122658,5.537129631258754
900.0,1.9700273266614639,5.537811131115844
901.0,1.9700148706337486,5.538492244487804
902.0,1.9700024985200089,5.539172972045534
903.0,1.96999021001211,5.539853314457856
904.0,1.9699780048028905,5.540533272391527
905.0,1.9699658825861572,5.541212846511243
906.0,1.969953843056682,5.5418920374796485
907.0,1.9699418859101978,5.542570845957345
908.0,1.9699300108433944,5.543249272602897
909.0,1.9699182175539147,5.543927318072844
910.0,1.9699065057403515,5.544604983021704
911.0,1.9698948751022425,5.5452822681019835
912.0,1.9698833253400672,5.545959173964187
913.0,1.969871856155243,5.546635701256822
914.0,1.9698604672501216,5.547311850626407
915.0,1.9698491583279847,5.547987622717482
916.0,1.9698379290930406,5.548663018172612
917.0,1.9698267792504207,5.5493380376324
918.0,1.9698157085061756,5.550012681735489
919.0,1.969804716567271,5.550686951118574
920.0,1.9697938031415845,5.551360846416407
921.0,1.969782967937902,5.552034368261806
922.0,1.969772210665914,5.55270751728566
923.0,1.9697615310362115,5.553380294116942
924.0,1.9697509287602835,5.55405269938271
925.0,1.9697404035505117,5.5547247337081185
926.0,1.969729955120169,5.5553963977164225
927.0,1.9697195831834142,5.556067692028989
928.0,1.9697092874552895,5.556738617265301
929.0,1.9696990676517165,5.557409174042967
930.0,1.969688923489493,5.558079362977726
931.0,1.9696788546862896,5.558749184683456
932.0,1.9696688609606456,5.559418639772181
933.0,1.9696589420319666,5.560087728854078
934.0,1.9696490976205197,5.560756452537484
935.0,1.9696393274474315,5.561424811428905
936.0,1.9696296312346842,5.562092806133018
937.0,1.9696200087051114,5.562760437252683
938.0,1.9696104595823962,5.563427705388947
939.0,1.9696009835910668,5.564094611141054
940.0,1.9695915804564934,5.564761155106448
941.0,1.969582249904885,5.5654273378807835
942.0,1.969572991663286,5.566093160057929
943.0,1.9695638054595734,5.566758622229975
944.0,1.9695546910224528,5.567423724987243
945.0,1.9695456480814557,5.568088468918289
946.0,1.9695366763669357,5.568752854609911
947.0,1.969527775610066,5.5694168826471575
948.0,1.9695189455428357,5.570080553613332
949.0,1.969510185898047,5.57074386809
950.0,1.9695014964093116,5.571406826656998
951.0,1.9694928768110476,5.5720694298924345
952.0,1.9694843268384767,5.572731678372703
953.0,1.969475846227621,5.573393572672484
954.0,1.9694674347152994,5.574055113364754
955.0,1.9694590920391253,5.574716301020788
956.0,1.969450817937503,5.575377136210173
957.0,1.9694426121496245,5.5760376195008075
958.0,1.9694344744154668,5.57669775145891
959.0,1.969426404475789,5.5773575326490255
960.0,1.9694184020721288,5.578016963634034
961.0,1.9694104669467998,5.578676044975152
962.0,1.9694025988428883,5.579334777231944
963.0,1.9693947975042507,5.5799931609623235
964.0,1.9693870626755101,5.580651196722564
965.0,1.9693793941020539,5.581308885067301
966.0,1.96937179153003,5.581966226549541
967.0,1.9693642547063446,5.582623221720666
968.0,1.9693567833786592,5.583279871130439
969.0,1.9693493772953876,5.583936175327014
970.0,1.9693420362056928,5.584592134856936
971.0,1.9693347598594846,5.585247750265151
972.0,1.9693275480074164,5.585903022095011
973.0,1.9693204004008822,5.58655795088828
974.0,1.9693133167920145,5.587212537185139
975.0,1.9693062969336808,5.587866781524193
976.0,1.9692993405794808,5.588520684442475
977.0,1.969292447483744,5.589174246475455
978.0,1.9692856174015272,5.5898274681570435
979.0,1.9692788500886103,5.590480350019597
980.0,1.9692721453014954,5.591132892593924
981.0,1.9692655027974029,5.591785096409292
982.0,1.9692589223342691,5.592436961993432
983.0,1.9692524036707435,5.593088489872543
984.0,1.969245946566186,5.593739680571301
985.0,1.9692395507806646,5.59439053461286
986.0,1.969233216074952,5.595041052518863
987.0,1.9692269422105235,5.5956912348094425
988.0,1.9692207289495547,5.596341082003229
989.0,1.9692145760549178,5.596990594617354
990.0,1.9692084832901797,5.59763977316746
991.0,1.9692024504195993,5.5982886181677
992.0,1.969196477208125,5.598937130130749
993.0,1.9691905634213915,5.599585309567803
994.0,1.9691847088257186,5.6002331569885895
995.0,1.9691789131881068,5.600880672901371
996.0,1.9691731762762361,5.60152785781295
997.0,1.969167497858463,5.602174712228675
998.0,1.9691618777038182,5.602821236652444
999.0,1.9691563155820035,5.603467431586712
1000.0,1.9691508112633902,5.604113297532496
1001.0,1.9691453645190156,5.604758834989379
1002.0,1.9691399751205814,5.605404044455516
1003.0,1.9691346428404506,5.606048926427637
1004.0,1.9691293674516455,5.606693481401057
1005.0,1.969124148727845,5.607337709869675
1006.0,1.9691189864433822,5.607981612325986
1007.0,1.969113880373242,5.608625189261078
1008.0,1.9691088302930584,5.609268441164644
1009.0,1.9691038359791129,5.609911368524982
1010.0,1.9690988972083312,5.610553971829007
1011.0,1.9690940137582813,5.611196251562245
1012.0,1.969089185407171,5.611838208208849
1013.0,1.9690844119338458,5.612479842251596
1014.0,1.969079693117786,5.613121154171897
1015.0,1.969075028739105,5.613762144449799
1016.0,1.9690704185785464,5.614402813563991
1017.0,1.969065862417482,5.615043161991809
1018.0,1.9690613600379092,5.61568319020924
1019.0,1.9690569112224496,5.616322898690926
1020.0,1.9690525157543455,5.616962287910173
1021.0,1.9690481734174583,5.61760135833895
1022.0,1.9690438839962663,5.618240110447898
1023.0,1.969039647275862,5.618878544706333
1024.0,1.9690354630419502,5.61951666158225
1025.0,1.9690313310808456,5.62015446154233
1026.0,1.9690272511794709,5.620791945051941
1027.0,1.9690232231253542,5.621429112575148
1028.0,1.9690192467066268,5.622065964574713
1029.0,1.9690153217120214,5.622702501512099
1030.0,1.9690114479308696,5.62333872384748
1031.0,1.9690076251530995,5.62397463203974
1032.0,1.969003853169234,5.624610226546481
1033.0,1.9690001317703887,5.625245507824025
1034.0,1.968996460748269,5.6258804763274215
1035.0,1.9689928398951693,5.626515132510448
1036.0,1.968989269003969,5.627149476825619
1037.0,1.968985747868132,5.627783509724186
1038.0,1.9689822762817042,5.628417231656146
1039.0,1.9689788540393107,5.629050643070241
1040.0,1.9689754809361548,5.629683744413968
1041.0,1.968972156768015,5.63031653613358
1042.0,1.9689688813312431,5.63094901867409
1043.0,1.968965654422763,5.6315811924792785
1044.0,1.9689624758400672,5.632213057991693
1045.0,1.968959345381216,5.632844615652657
1046.0,1.9689562628448347,5.633475865902271
1047.0,1.9689532280301123,5.634106809179417
1048.0,1.9689502407367987,5.6347374459217665
1049.0,1.968947300765203,5.635367776565779
1050.0,1.9689444079161915,5.635997801546711
1051.0,1.9689415619911863,5.636627521298618
1052.0,1.968938762792162,5.637256936254357
1053.0,1.9689360101216449,5.637886046845595
1054.0,1.9689333037827106,5.638514853502809
1055.0,1.9689306435789822,5.639143356655292
1056.0,1.9689280293146278,5.639771556731158
1057.0,1.9689254607943594,5.640399454157343
1058.0,1.9689229378234303,5.6410270493596135
1059.0,1.9689204602076338,5.641654342762566
1060.0,1.9689180277533005,5.642281334789633
1061.0,1.968915640267297,5.642908025863088
1062.0,1.9689132975570236,5.643534416404048
1063.0,1.968910999430413,5.6441605068324785
1064.0,1.968908745695928,5.6447862975671965
1065.0,1.9689065361625593,5.645411789025875
1066.0,1.9689043706398244,5.646036981625046
1067.0,1.9689022489377652,5.646661875780106
1068.0,1.9689001708669462,5.6472864719053195
1069.0,1.968898136238453,5.647910770413821
1070.0,1.9688961448638902,5.648534771717622
1071.0,1.9688941965553794,5.649158476227612
1072.0,1.968892291125558,5.649781884353564
1073.0,1.9688904283875763,5.650404996504137
1074.0,1.9688886081550971,5.651027813086881
1075.0,1.9688868302422928,5.651650334508242
1076.0,1.9688850944638443,5.652272561173559
1077.0,1.9688834006349385,5.6528944934870795
1078.0,1.9688817485712673,5.653516131851952
1079.0,1.9688801380890253,5.654137476670235
1080.0,1.9688785690049084,5.654758528342902
1081.0,1.9688770411361118,5.65537928726984
1082.0,1.9688755543003285,5.6559997538498585
1083.0,1.968874108315747,5.656619928480691
1084.0,1.9688727030010509,5.657239811558997
1085.0,1.9688713381754153,5.6578594034803675
1086.0,1.9688700136585064,5.65847870463933
1087.0,1.9688687292704796,5.659097715429349
1088.0,1.9688674848319776,5.65971643624283
1089.0,1.9688662801641288,5.660334867471127
1090.0,1.9688651150885454,5.6609530095045395
1091.0,1.9688639894273225,5.661570862732322
1092.0,1.9688629030030351,5.662188427542685
1093.0,1.9688618556387378,5.662805704322798
1094.0,1.9688608471579623,5.663422693458792
1095.0,1.9688598773847157,5.664039395335768
1096.0,1.9688589461434798,5.664655810337794
1097.0,1.9688580532592084,5.665271938847913
1098.0,1.9688571985573262,5.665887781248144
1099.0,1.968856381863727,5.666503337919488
1100.0,1.9688556030047724,5.667118609241927
1101.0,1.9688548618072896,5.667733595594432
1102.0,1.9688541580985708,5.668348297354964
1103.0,1.9688534917063703,5.668962714900477
1104.0,1.968852862458904,5.6695768486069245
1105.0,1.968852270184847,5.670190698849258
1106.0,1.968851714713333,5.670804266001435
1107.0,1.9688511958739519,5.671417550436417
1108.0,1.9688507134967483,5.67203055252618
1109.0,1.9688502674122208,5.672643272641709
1110.0,1.9688498574513191,5.67325571115301
1111.0,1.9688494834454437,5.673867868429108
1112.0,1.9688491452264436,5.67447974483805
1113.0,1.968848842626615,5.675091340746911
1114.0,1.9688485754787,5.675702656521795
1115.0,1.9688483436158846,5.676313692527842
1116.0,1.9688481468717978,5.676924449129223
1117.0,1.9688479850805098,5.6775349266891535
1118.0,1.9688478580765303,5.678145125569888
1119.0,1.9688477656948071,5.6787550461327285
1120.0,1.968847707770725,5.679364688738026
1121.0,1.968847684140104,5.679974053745184
1122.0,1.9688476946391975,5.680583141512658
1123.0,1.968847739104692,5.681191952397965
1124.0,1.9688478173737038,5.681800486757683
1125.0,1.9688479292837795,5.682408744947453
1126.0,1.9688480746728931,5.6830167273219825
1127.0,1.9688482533794456,5.683624434235052
1128.0,1.9688484652422626,5.684231866039515
1129.0,1.9688487101005938,5.684839023087301
1130.0,1.9688489877941107,5.685445905729418
1131.0,1.9688492981629058,5.686052514315958
1132.0,1.968849641047491,5.686658849196098
1133.0,1.9688500162887963,5.6872649107181035
1134.0,1.968850423728168,5.6878706992293315
1135.0,1.9688508632073682,5.688476215076234
1136.0,1.9688513345685723,5.689081458604359
1137.0,1.9688518376543682,5.689686430158355
1138.0,1.968852372307755,5.690291130081976
1139.0,1.9688529383721411,5.690895558718078
1140.0,1.9688535356913441,5.6914997164086305
1141.0,1.9688541641095878,5.6921036034947115
1142.0,1.9688548234715018,5.692707220316515
1143.0,1.96885551362212,5.693310567213353
1144.0,1.9688562344068792,5.693913644523658
1145.0,1.968856985671618,5.694516452584984
1146.0,1.9688577672625749,5.695118991734013
1147.0,1.9688585790263875,5.695721262306555
1148.0,1.968859420810091,5.696323264637552
1149.0,1.9688602924611167,5.696924999061082
1150.0,1.9688611938272913,5.697526465910357
1151.0,1.968862124756835,5.698127665517733
1152.0,1.96886308509836,5.698728598214705
1153.0,1.96886407470087,5.699329264331917
1154.0,1.9688650934137586,5.699929664199158
1155.0,1.9688661410868074,5.700529798145371
1156.0,1.9688672175701853,5.70112966649865
1157.0,1.968868322714448,5.701729269586249
1158.0,1.9688694563705345,5.702328607734578
1159.0,1.9688706183897684,5.70292768126921
1160.0,1.9688718086238548,5.703526490514882
1161.0,1.96887302692488,5.7041250357955
1162.0,1.96887427314531,5.704723317434138
1163.0,1.9688755471379886,5.705321335753043
1164.0,1.9688768487561379,5.705919091073636
1165.0,1.9688781778533548,5.706516583716518
1166.0,1.9688795342836116,5.707113814001469
1167.0,1.9688809179012539,5.707710782247453
1168.0,1.9688823285609995,5.7083074887726175
1169.0,1.9688837661179375,5.708903933894299
1170.0,1.9688852304275264,5.709500117929026
1171.0,1.9688867213455938,5.710096041192519
1172.0,1.9688882387283344,5.710691703999694
1173.0,1.9688897824323095,5.711287106664666
1174.0,1.9688913523144451,5.711882249500751
1175.0,1.9688929482320312,5.712477132820468
1176.0,1.9688945700427205,5.713071756935543
1177.0,1.9688962176045275,5.7136661221569085
1178.0,1.9688978907758266,5.714260228794709
1179.0,1.9688995894153514,5.714854077158302
1180.0,1.9689013133821938,5.715447667556261
1181.0,1.9689030625358024,5.7160410002963795
1182.0,1.9689048367359816,5.716634075685669
1183.0,1.9689066358428902,5.717226894030366
1184.0,1.9689084597170405,5.717819455635932
1185.0,1.9689103082192971,5.718411760807056
1186.0,1.9689121812108756,5.719003809847659
1187.0,1.9689140785533419,5.7195956030608945
1188.0,1.9689160001086103,5.72018714074915
1189.0,1.9689179457389436,5.720778423214053
1190.0,1.9689199153069505,5.72136945075647
1191.0,1.9689219086755856,5.721960223676508
1192.0,1.9689239257081477,5.722550742273521
1193.0,1.968925966268279,5.72314100684611
1194.0,1.968928030219964,5.723731017692127
1195.0,1.9689301174275287,5.724320775108672
1196.0,1.9689322277556383,5.724910279392102
1197.0,1.9689343610692975,5.72549953083803
1198.0,1.9689365172338489,5.726088529741327
1199.0,1.9689386961149715,5.726677276396127
1200.0,1.9689408975786802,5.727265771095825
1201.0,1.9689431214913247,5.727854014133083
1202.0,1.9689453677195878,5.728442005799831
1203.0,1.9689476361304856,5.729029746387269
1204.0,1.9689499265913648,5.72961723618587
1205.0,1.9689522389699032,5.7302044754853805
1206.0,1.9689545731341074,5.730791464574825
1207.0,1.9689569289523126,5.731378203742507
1208.0,1.9689593062931812,5.731964693276011
1209.0,1.9689617050257018,5.732550933462207
1210.0,1.9689641250191883,5.733136924587248
1211.0,1.9689665661432787,5.7337226669365755
1212.0,1.9689690282679342,5.734308160794924
1213.0,1.9689715112634378,5.734893406446317
1214.0,1.9689740150003938,5.735478404174075
1215.0,1.9689765393497267,5.736063154260815
1216.0,1.9689790841826802,5.736647656988452
1217.0,1.9689816493708157,5.737231912638201
1218.0,1.9689842347860116,5.737815921490584
1219.0,1.968986840300463,5.738399683825424
1220.0,1.968989465786679,5.738983199921854
1221.0,1.9689921111174842,5.739566470058317
1222.0,1.9689947761660151,5.740149494512565
1223.0,1.968997460805721,5.740732273561666
1224.0,1.969000164910362,5.741314807482005
1225.0,1.969002888354008,5.741897096549281
1226.0,1.9690056310110393,5.742479141038517
1227.0,1.9690083927561433,5.743060941224056
1228.0,1.969011173464315,5.7436424973795654
1229.0,1.9690139730108556,5.74422380977804
1230.0,1.9690167912713719,5.744804878691802
1231.0,1.969019628121775,5.745385704392504
1232.0,1.969022483438279,5.745966287151131
1233.0,1.9690253570974012,5.7465466272380015
1234.0,1.96902824897596,5.747126724922772
1235.0,1.9690311589510747,5.7477065804744365
1236.0,1.969034086900164,5.74828619416133
1237.0,1.969037032700945,5.748865566251129
1238.0,1.9690399962314336,5.749444697010856
1239.0,1.9690429773699416,5.750023586706877
1240.0,1.9690459759950774,5.7506022356049105
1241.0,1.9690489919857441,5.751180643970021
1242.0,1.9690520252211392,5.751758812066628
1243.0,1.9690550755807532,5.752336740158505
1244.0,1.969058142944369,5.75291442850878
1245.0,1.969061227192061,5.753491877379942
1246.0,1.969064328204194,5.754069087033838
1247.0,1.9690674458614223,5.7546460577316765
1248.0,1.9690705800446893,5.755222789734031
1249.0,1.9690737306352257,5.755799283300841
1250.0,1.9690768975145498,5.756375538691413
1251.0,1.9690800805644653,5.756951556164423
1252.0,1.9690832796670614,5.757527335977919
1253.0,1.9690864947047118,5.758102878389322
1254.0,1.969089725560073,5.75867818365543
1255.0,1.9690929721160846,5.759253252032415
1256.0,1.969096234255968,5.7598280837758296
1257.0,1.9690995118632246,5.760402679140608
1258.0,1.9691028048216368,5.760977038381065
1259.0,1.9691061130152656,5.761551161750902
1260.0,1.96910943632845,5.762125049503206
1261.0,1.969112774645807,5.762698701890451
1262.0,1.9691161278522296,5.763272119164503
1263.0,1.9691194958328868,5.763845301576619
1264.0,1.9691228784732224,5.764418249377448
1265.0,1.9691262756589543,5.764990962817037
1266.0,1.9691296872760733,5.765563442144829
1267.0,1.969133113210843,5.766135687609666
1268.0,1.9691365533497982,5.766707699459792
1269.0,1.9691400075797445,5.76727947794285
1270.0,1.9691434757877573,5.767851023305892
1271.0,1.969146957861181,5.768422335795372
1272.0,1.969150453687629,5.768993415657156
1273.0,1.9691539631549808,5.769564263136515
1274.0,1.9691574861513834,5.770134878478135
1275.0,1.9691610225652496,5.770705261926114
1276.0,1.9691645722852569,5.771275413723964
1277.0,1.9691681352003472,5.771845334114613
1278.0,1.9691717111997256,5.77241502334041
1279.0,1.9691753001728598,5.772984481643122
1280.0,1.9691789020094796,5.773553709263937
1281.0,1.9691825165995758,5.774122706443468
1282.0,1.9691861438333988,5.774691473421753
1283.0,1.9691897836014594,5.775260010438255
1284.0,1.9691934357945262,5.775828317731867
1285.0,1.9691971003036264,5.776396395540912
1286.0,1.9692007770200437,5.776964244103144
1287.0,1.9692044658353185,5.777531863655752
1288.0,1.9692081666412466,5.778099254435358
1289.0,1.9692118793298787,5.778666416678023
1290.0,1.9692156037935196,5.779233350619244
1291.0,1.969219339924727,5.7798000564939604
1292.0,1.9692230876163117,5.780366534536552
1293.0,1.9692268467613359,5.780932784980841
1294.0,1.9692306172531127,5.781498808060097
1295.0,1.9692343989852055,5.782064604007034
1296.0,1.9692381918514272,5.782630173053815
1297.0,1.9692419957458398,5.783195515432053
1298.0,1.9692458105627528,5.783760631372812
1299.0,1.9692496361967233,5.784325521106609
1300.0,1.969253472542555,5.784890184863417
1301.0,1.969257319495297,5.7854546228726615
1302.0,1.9692611769502435,5.78601883536323
1303.0,1.9692650448029336,5.7865828225634655
1304.0,1.9692689229491496,5.787146584701175
1305.0,1.9692728112849165,5.7877101220036264
1306.0,1.9692767097065018,5.788273434697552
1307.0,1.9692806181104143,5.788836523009149
1308.0,1.9692845363934037,5.789399387164082
1309.0,1.9692884644524595,5.789962027387484
1310.0,1.9692924021848104,5.79052444390396
1311.0,1.9692963494879239,5.791086636937584
1312.0,1.9693003062595054,5.791648606711905
1313.0,1.9693042723974974,5.792210353449946
1314.0,1.969308247800079,5.7927718773742045
1315.0,1.9693122323656647,5.79333317870666
1316.0,1.9693162259929045,5.793894257668768
1317.0,1.9693202285806828,5.794455114481465
1318.0,1.9693242400281175,5.795015749365172
1319.0,1.9693282602345592,5.79557616253979
1320.0,1.9693322890995917,5.796136354224709
1321.0,1.9693363265230295,5.796696324638803
1322.0,1.9693403724049188,5.797256074000435
1323.0,1.9693444266455356,5.797815602527458
1324.0,1.9693484891453854,5.798374910437216
1325.0,1.9693525598052033,5.798933997946545
1326.0,1.969356638525952,5.799492865271775
1327.0,1.969360725208822,5.800051512628733
1328.0,1.9693648197552311,5.800609940232741
1329.0,1.9693689220668227,5.80116814829862
1330.0,1.969373032045466,5.80172613704069
1331.0,1.9693771495932557,5.802283906672774
1332.0,1.96938127461251,5.802841457408197
1333.0,1.9693854070057708,5.803398789459785
1334.0,1.9693895466758033,5.803955903039875
1335.0,1.9693936935255951,5.804512798360306
1336.0,1.969397847458355,5.805069475632427
1337.0,1.9694020083775134,5.805625935067098
1338.0,1.9694061761867205,5.806182176874687
1339.0,1.9694103507898468,5.806738201265077
1340.0,1.9694145320909813,5.807294008447664
1341.0,1.9694187199944317,5.807849598631359
1342.0,1.969422914404724,5.808404972024589
1343.0,1.9694271152266005,5.8089601288353006
1344.0,1.9694313223650208,5.809515069270957
1345.0,1.96943553572516,5.8100697935385455
1346.0,1.9694397552124088,5.810624301844572
1347.0,1.9694439807323723,5.811178594395068
1348.0,1.9694482121908699,5.81173267139559
1349.0,1.9694524494939343,5.812286533051218
1350.0,1.969456692547811,5.812840179566561
1351.0,1.9694609412589579,5.813393611145758
1352.0,1.9694651955340443,5.813946827992474
1353.0,1.9694694552799505,5.81449983030991
1354.0,1.9694737204037676,5.815052618300798
1355.0,1.9694779908127957,5.815605192167402
1356.0,1.9694822664145446,5.816157552111523
1357.0,1.9694865471167327,5.8167096983345
1358.0,1.9694908328272858,5.817261631037208
1359.0,1.9694951234543379,5.81781335042006
1360.0,1.969499418906229,5.818364856683013
1361.0,1.9695037190915057,5.818916150025563
1362.0,1.9695080239189202,5.819467230646751
1363.0,1.9695123332974294,5.82001809874516
1364.0,1.969516647136195,5.82056875451892
1365.0,1.969520965344582,5.821119198165708
1366.0,1.9695252878321592,5.821669429882749
1367.0,1.9695296145086976,5.822219449866817
1368.0,1.9695339452841705,5.822769258314237
1369.0,1.9695382800687526,5.823318855420886
1370.0,1.9695426187728198,5.823868241382193
1371.0,1.9695469613069478,5.824417416393145
1372.0,1.9695513075819127,5.824966380648281
1373.0,1.9695556575086892,5.825515134341696
1374.0,1.9695600109984512,5.826063677667048
1375.0,1.9695643679625703,5.82661201081755
1376.0,1.9695687283126155,5.827160133985977
1377.0,1.9695730919603534,5.827708047364666
1378.0,1.969577458817746,5.828255751145518
1379.0,1.969581828796952,5.828803245519995
1380.0,1.969586201810325,5.829350530679128
1381.0,1.9695905777704132,5.829897606813513
1382.0,1.9695949565899593,5.830444474113314
1383.0,1.9695993381818993,5.830991132768263
1384.0,1.9696037224593623,5.831537582967664
1385.0,1.96960810933567,5.832083824900392
1386.0,1.9696124987243362,5.832629858754894
1387.0,1.9696168905390659,5.83317568471919
1388.0,1.969621284693755,5.8337213029808765
1389.0,1.9696256811024901,5.834266713727127
1390.0,1.9696300796795472,5.834811917144688
1391.0,1.9696344803393915,5.83535691341989
1392.0,1.9696388829966773,5.8359017027386395
1393.0,1.969643287566247,5.836446285286424
1394.0,1.9696476939631307,5.836990661248315
1395.0,1.9696521021025455,5.8375348308089645
1396.0,1.9696565118998952,5.83807879415261
1397.0,1.9696609232707698,5.838622551463074
1398.0,1.9696653361309446,5.839166102923767
1399.0,1.9696697503963803,5.839709448717685
1400.0,1.9696741659832218,5.840252589027414
1401.0,1.9696785828077983,5.840795524035129
1402.0,1.9696830007866222,5.841338253922597
1403.0,1.9696874198363892,5.841880778871176
1404.0,1.9696918398739773,5.8424230990618184
1405.0,1.9696962608164466,5.842965214675071
1406.0,1.9697006825810384,5.843507125891074
1407.0,1.9697051050851753,5.844048832889568
1408.0,1.9697095282464598,5.844590335849887
1409.0,1.9697139519826752,5.845131634950966
1410.0,1.9697183762117831,5.84567273037134
1411.0,1.969722800851925,5.846213622289144
1412.0,1.9697272258214202,5.846754310882117
1413.0,1.9697316510387666,5.847294796327598
1414.0,1.9697360764226388,5.847835078802533
1415.0,1.9697405018918888,5.848375158483472
1416.0,1.969744927365545,5.84891503554657
1417.0,1.9697493527628114,5.849454710167593
1418.0,1.969753778003068,5.849994182521912
1419.0,1.9697582030058698,5.85053345278451
1420.0,1.9697626276909457,5.8510725211299786
1421.0,1.9697670519781991,5.851611387732523
1422.0,1.9697714757877067,5.852150052765959
1423.0,1.9697758990397185,5.852688516403718
1424.0,1.969780321654657,5.853226778818845
1425.0,1.9697847435531166,5.853764840184002
1426.0,1.9697891646558636,5.854302700671467
1427.0,1.969793584883835,5.854840360453135
1428.0,1.969798004158139,5.855377819700522
1429.0,1.9698024224000539,5.855915078584763
1430.0,1.9698068395310273,5.856452137276614
1431.0,1.9698112554726765,5.856988995946453
1432.0,1.9698156701467877,5.85752565476428
1433.0,1.9698200834753148,5.858062113899722
1434.0,1.96982449538038,5.858598373522028
1435.0,1.9698289057842733,5.859134433800074
1436.0,1.9698333146094507,5.859670294902364
1437.0,1.9698377217785354,5.86020595699703
1438.0,1.9698421272143165,5.860741420251831
1439.0,1.9698465308397486,5.8612766848341575
1440.0,1.9698509325779512,5.861811750911032
1441.0,1.9698553323522088,5.862346618649109
1442.0,1.96985973008597,5.862881288214674
1443.0,1.969864125702847,5.863415759773648
1444.0,1.9698685191266159,5.863950033491586
1445.0,1.969872910281215,5.864484109533682
1446.0,1.969877299090745,5.8650179880647615
1447.0,1.969881685479469,5.865551669249293
1448.0,1.9698860693718114,5.866085153251382
1449.0,1.969890450692358,5.866618440234774
1450.0,1.969894829365855,5.867151530362854
1451.0,1.9698992053172084,5.86768442379865
1452.0,1.969903578471485,5.868217120704833
1453.0,1.9699079487539097,5.868749621243718
1454.0,1.9699123160898675,5.869281925577264
1455.0,1.969916680404901,5.8698140338670735
1456.0,1.9699210416247115,5.8703459462744
1457.0,1.9699253996751573,5.87087766296014
1458.0,1.9699297544822545,5.8714091840848415
1459.0,1.9699341059721753,5.8719405098087005
1460.0,1.9699384540712488,5.872471640291563
1461.0,1.9699427987059597,5.873002575692927
1462.0,1.969947139802948,5.873533316171942
1463.0,1.9699514772890094,5.874063861887411
1464.0,1.9699558110910937,5.87459421299779
1465.0,1.9699601411363052,5.875124369661192
1466.0,1.969964467351902,5.875654332035383
1467.0,1.969968789665295,5.876184100277787
1468.0,1.9699731080040492,5.876713674545487
1469.0,1.9699774222958812,5.877243054995222
1470.0,1.9699817324686604,5.877772241783391
1471.0,1.9699860384504073,5.878301235066055
1472.0,1.9699903401692942,5.878830034998934
1473.0,1.9699946375536443,5.879358641737412
1474.0,1.9699989305319312,5.8798870554365354
1475.0,1.9700032190327785,5.8804152762510125
1476.0,1.9700075029849597,5.880943304335219
1477.0,1.9700117823173975,5.881471139843195
1478.0,1.9700160569591636,5.8819987829286475
1479.0,1.970020326839478,5.882526233744951
1480.0,1.970024591887709,5.883053492445147
1481.0,1.9700288520333729,5.883580559181948
1482.0,1.9700331072061326,5.884107434107736
1483.0,1.9700373573357983,5.884634117374562
1484.0,1.9700416023523268,5.885160609134151
1485.0,1.9700458421858211,5.885686909537901
1486.0,1.9700500767665297,5.88621301873688
1487.0,1.9700543060248463,5.886738936881835
1488.0,1.97005852989131,5.887264664123183
1489.0,1.9700627482966042,5.887790200611022
1490.0,1.9700669611715564,5.888315546495123
1491.0,1.9700711684471381,5.888840701924938
1492.0,1.9700753700544644,5.889365667049594
1493.0,1.970079565924793,5.8898904420179
1494.0,1.9700837559895243,5.890415026978344
1495.0,1.9700879401802014,5.890939422079096
1496.0,1.9700921184285087,5.891463627468006
1497.0,1.9700962906662727,5.891987643292611
1498.0,1.9701004568254608,5.892511469700126
1499.0,1.9701046168381808,5.893035106837453
1500.0,1.9701087706366815,5.89355855485118
1501.0,1.9701129181533512,5.8940818138875795
1502.0,1.9701170593207182,5.894604884092612
1503.0,1.97012119407145,5.895127765611924
1504.0,1.970125322338353,5.895650458590851
1505.0,1.970129444054372,5.89617296317442
1506.0,1.97013355915259,5.8966952795073455
1507.0,1.9701376675662279,5.897217407734034
1508.0,1.970141769228644,5.897739347998582
1509.0,1.9701458640733336,5.89826110044478
1510.0,1.970149952033929,5.898782665216112
1511.0,1.9701540330441984,5.899304042455756
1512.0,1.9701581070380465,5.899825232306584
1513.0,1.970162173949513,5.900346234911162
1514.0,1.9701662337127734,5.900867050411757
1515.0,1.970170286262138,5.9013876789503295
1516.0,1.9701743315320517,5.901908120668538
1517.0,1.9701783694570933,5.902428375707742
1518.0,1.9701823999719759,5.902948444208999
1519.0,1.9701864230115456,5.9034683263130665
1520.0,1.970190438510782,5.903988022160404
1521.0,1.9701944464047976,5.904507531891173
1522.0,1.970198446628837,5.905026855645236
1523.0,1.970202439118277,5.9055459935621615
1524.0,1.9702064238086265,5.906064945781219
1525.0,1.9702104006355254,5.906583712441386
1526.0,1.9702143695347447,5.907102293681343
1527.0,1.9702183304421863,5.907620689639479
1528.0,1.9702222832938825,5.9081389004538885
1529.0,1.9702262280259955,5.908656926262375
1530.0,1.970230164574817,5.90917476720245
1531.0,1.9702340928767685,5.909692423411335
1532.0,1.9702380128684005,5.910209895025962
1533.0,1.9702419244863918,5.910727182182972
1534.0,1.9702458276675496,5.91124428501872
1535.0,1.9702497223488096,5.911761203669271
1536.0,1.9702536084672344,5.912277938270406
1537.0,1.9702574859600148,5.912794488957617
1538.0,1.9702613547644678,5.913310855866113
1539.0,1.9702652148180377,5.913827039130816
1540.0,1.970269066058295,5.914343038886366
1541.0,1.9702729084229362,5.914858855267117
1542.0,1.970276741849783,5.915374488407145
1543.0,1.9702805662767833,5.91588993844024
1544.0,1.9702843816420095,5.916405205499913
1545.0,1.970288187883659,5.9169202897193935
1546.0,1.970291984940053,5.9174351912316325
1547.0,1.970295772749638,5.917949910169301
1548.0,1.9702995512509829,5.918464446664792
1549.0,1.9703033203827807,5.918978800850223
1550.0,1.9703070800838474,5.919492972857431
1551.0,1.9703108302931218,5.920006962817979
1552.0,1.9703145709496654,5.920520770863155
1553.0,1.9703183019926613,5.921034397123972
1554.0,1.970322023361415,5.921547841731167
1555.0,1.9703257349953531,5.922061104815206
1556.0,1.9703294368340238,5.9225741865062815
1557.0,1.9703331288170958,5.923087086934315
1558.0,1.9703368108843586,5.923599806228954
1559.0,1.970340482975722,5.924112344519579
1560.0,1.9703441450312158,5.924624701935298
1561.0,1.970347796990989,5.925136878604951
1562.0,1.9703514387953107,5.925648874657108
1563.0,1.9703550703845685,5.926160690220074
1564.0,1.9703586916992688,5.926672325421885
1565.0,1.9703623026800365,5.927183780390309
1566.0,1.9703659032676146,5.927695055252851
1567.0,1.9703694934028642,5.928206150136749
1568.0,1.9703730730267632,5.928717065168977
1569.0,1.9703766420804076,5.929227800476245
1570.0,1.9703802005050097,5.929738356185001
1571.0,1.9703837482418987,5.930248732421429
1572.0,1.9703872852325197,5.930758929311452
1573.0,1.9703908114184343,5.9312689469807305
1574.0,1.9703943267413198,5.931778785554666
1575.0,1.9703978311429684,5.932288445158401
1576.0,1.970401324565288,5.932797925916815
1577.0,1.9704048069503013,5.933307227954533
1578.0,1.970408278240145,5.93381635139592
1579.0,1.9704117383770707,5.934325296365083
1580.0,1.9704151873034434,5.934834062985875
1581.0,1.9704186249617424,5.93534265138189
1582.0,1.9704220512945596,5.93585106167647
1583.0,1.9704254662446006,5.936359293992698
1584.0,1.9704288697546835,5.936867348453407
1585.0,1.9704322617677388,5.937375225181174
1586.0,1.9704356422268097,5.937882924298325
1587.0,1.970439011075051,5.938390445926932
1588.0,1.970442368255729,5.938897790188816
1589.0,1.9704457137122218,5.939404957205547
1590.0,1.970449047388018,5.939911947098446
1591.0,1.9704523692267177,5.940418759988583
1592.0,1.9704556791720311,5.94092539599678
1593.0,1.9704589771677787,5.941431855243609
1594.0,1.970462263157891,5.941938137849395
1595.0,1.970465537086408,5.942444243934217
1596.0,1.9704687988974794,5.942950173617906
1597.0,1.9704720485353637,5.943455927020046
1598.0,1.9704752859444288,5.943961504259978
1599.0,1.9704785110691503,5.944466905456797
1600.0,1.970481723854113,5.944972130729354
1601.0,1.9704849242440092,5.945477180196257
1602.0,1.970488112183639,5.945982053975871
1603.0,1.9704912876179104,5.946486752186316
1604.0,1.9704944504918378,5.946991274945475
1605.0,1.9704976007505435,5.947495622370986
1606.0,1.9705007383392557,5.947999794580248
1607.0,1.9705038632033092,5.94850379169042
1608.0,1.9705069752881452,5.949007613818423
1609.0,1.9705100745393107,5.949511261080936
1610.0,1.970513160902458,5.950014733594402
1611.0,1.9705162343233449,5.950518031475026
1612.0,1.9705192947478343,5.951021154838777
1613.0,1.970522342121894,5.951524103801386
1614.0,1.9705253763915962,5.95202687847835
1615.0,1.9705283975031171,5.9525294789849275
1616.0,1.9705314054027376,5.953031905436146
1617.0,1.9705344000368419,5.953534157946797
1618.0,1.9705373813519176,5.954036236631439
1619.0,1.970540349294556,5.954538141604398
1620.0,1.9705433038114506,5.955039872979766
1621.0,1.9705462448493987,5.9555414308714045
1622.0,1.970549172355299,5.956042815392944
1623.0,1.970552086276153,5.9565440266577845
1624.0,1.970554986559064,5.957045064779094
1625.0,1.970557873151237,5.957545929869814
1626.0,1.9705607459999785,5.958046622042654
1627.0,1.970563605052696,5.958547141410097
1628.0,1.9705664502568982,5.959047488084399
1629.0,1.9705692815601943,5.959547662177585
1630.0,1.970572098910294,5.960047663801458
1631.0,1.970574902255007,5.96054749306759
1632.0,1.970577691542243,5.9610471500873325
1633.0,1.9705804667200117,5.961546634971808
1634.0,1.9705832277364221,5.962045947831916
1635.0,1.970585974539682,5.962545088778333
1636.0,1.9705887070780987,5.963044057921509
1637.0,1.9705914253000776,5.963542855371675
1638.0,1.970594129154123,5.964041481238838
1639.0,1.9705968185888372,5.964539935632782
1640.0,1.9705994935529205,5.9650382186630715
1641.0,1.970602153995171,5.965536330439049
1642.0,1.9706047998644842,5.966034271069837
1643.0,1.9706074311098527,5.966532040664341
1644.0,1.9706100476803663,5.967029639331244
1645.0,1.9706126495252116,5.967527067179012
1646.0,1.9706152365936715,5.968024324315893
1647.0,1.9706178088351252,5.968521410849917
1648.0,1.970620366199048,5.9690183268888966
1649.0,1.970622908635011,5.96951507254043
1650.0,1.970625436092681,5.970011647911898
1651.0,1.9706279485218194,5.970508053110465
1652.0,1.9706304458722839,5.9710042882430825
1653.0,1.970632928094026,5.971500353416487
1654.0,1.9706353951370923,5.971996248737201
1655.0,1.9706378469516237,5.972491974311534
1656.0,1.9706402834878554,5.972987530245583
1657.0,1.9706427046961161,5.9734829166452315
1658.0,1.9706451105268288,5.973978133616153
1659.0,1.9706475009305093,5.974473181263807
1660.0,1.970649875857767,5.974968059693445
1661.0,1.9706522352593043,5.975462769010108
1662.0,1.9706545790859162,5.975957309318626
1663.0,1.9706569072884905,5.9764516807236205
1664.0,1.970659219818007,5.976945883329504
1665.0,1.970661516625538,5.977439917240482
1666.0,1.970663797662247,5.977933782560551
1667.0,1.9706660628793897,5.9784274793935
1668.0,1.970668312228313,5.978921007842913
1669.0,1.9706705456604554,5.979414368012166
1670.0,1.9706727631273455,5.97990756000443
1671.0,1.9706749645806034,5.980400583922672
1672.0,1.9706771499719393,5.980893439869653
1673.0,1.970679319253154,5.981386127947929
1674.0,1.970681472376138,5.981878648259855
1675.0,1.9706836092928723,5.9823710009075795
1676.0,1.9706857299554268,5.98286318599305
1677.0,1.970687834315961,5.983355203618013
1678.0,1.970689922326724,5.98384705388401
1679.0,1.9706919939400536,5.984338736892385
1680.0,1.9706940491083762,5.984830252744278
1681.0,1.970696087784207,5.98532160154063
1682.0,1.9706981099201493,5.985812783382182
1683.0,1.9707001154688948,5.986303798369477
1684.0,1.970702104383223,5.986794646602856
1685.0,1.9707040766160007,5.987285328182465
1686.0,1.9707060321201828,5.987775843208251
1687.0,1.9707079708488113,5.988266191779962
1688.0,1.9707098927550148,5.98875637399715
1689.0,1.9707117977920092,5.989246389959171
1690.0,1.970713685913097,5.989736239765185
1691.0,1.9707155570716668,5.990225923514156
1692.0,1.9707174112211936,5.990715441304853
1693.0,1.9707192483152385,5.99120479323585
1694.0,1.9707210683074483,5.991693979405527
1695.0,1.9707228711515554,5.992182999912071
1696.0,1.9707246568013774,5.992671854853475
1697.0,1.9707264252108172,5.993160544327539
1698.0,1.9707281763338627,5.993649068431872
1699.0,1.9707299101245863,5.994137427263889
1700.0,1.9707316265371455,5.994625620920816
1701.0,1.9707333255257815,5.995113649499687
1702.0,1.97073500704482,5.995601513097344
1703.0,1.9707366710486707,5.996089211810442
1704.0,1.9707383174918267,5.996576745735443
1705.0,1.970739946328865,5.997064114968624
1706.0,1.9707415575144458,5.997551319606069
1707.0,1.9707431510033122,5.998038359743677
1708.0,1.9707447267502904,5.998525235477156
1709.0,1.9707462847102895,5.99901194690203
1710.0,1.9707478248383008,5.9994984941136345
1711.0,1.9707493470893982,5.999984877207119
1712.0,1.9707508514187377,6.000471096277446
1713.0,1.9707523377815572,6.000957151419393
1714.0,1.9707538061331762,6.001443042727553
1715.0,1.9707552564289956,6.001928770296334
1716.0,1.9707566886244983,6.002414334219958
1717.0,1.9707581026752476,6.002899734592467
1718.0,1.9707594985368884,6.003384971507716
1719.0,1.9707608761651456,6.003870045059378
1720.0,1.9707622355158254,6.004354955340944
1721.0,1.9707635765448142,6.004839702445724
1722.0,1.9707648992080782,6.005324286466844
1723.0,1.970766203461664,6.005808707497249
1724.0,1.9707674892616978,6.006292965629706
1725.0,1.9707687565643852,6.006777060956798
1726.0,1.9707700053260118,6.007260993570931
1727.0,1.9707712355029419,6.007744763564329
1728.0,1.970772447051619,6.0082283710290385
1729.0,1.9707736399285656,6.008711816056927
1730.0,1.9707748140903827,6.009195098739683
1731.0,1.9707759694937497,6.009678219168819
1732.0,1.9707771060954244,6.010161177435669
1733.0,1.9707782238522427,6.010643973631389
1734.0,1.9707793227211183,6.011126607846959
1735.0,1.9707804026590428,6.0116090801731845
1736.0,1.970781463623085,6.012091390700692
1737.0,1.9707825055703914,6.012573539519936
1738.0,1.9707835284581856,6.013055526721193
1739.0,1.970784532243768,6.013537352394569
1740.0,1.970785516884516,6.014019016629991
1741.0,1.9707864823378838,6.014500519517216
1742.0,1.9707874285614015,6.014981861145826
1743.0,1.970788355512676,6.015463041605232
1744.0,1.9707892631493895,6.015944060984669
1745.0,1.9707901514293011,6.016424919373203
1746.0,1.970791020310245,6.016905616859727
1747.0,1.970791869750131,6.017386153532963
1748.0,1.9707926997069443,6.017866529481463
1749.0,1.9707935101387453,6.0183467447936065
1750.0,1.9707943010036693,6.018826799557605
1751.0,1.9707950722599266,6.019306693861499
1752.0,1.9707958238658019,6.019786427793161
1753.0,1.9707965557796545,6.020266001440292
1754.0,1.9707972679599182,6.020745414890428
1755.0,1.9707979603651005,6.021224668230934
1756.0,1.970798632953783,6.021703761549009
1757.0,1.9707992856846213,6.022182694931685
1758.0,1.9707999185163443,6.022661468465824
1759.0,1.9708005314077544,6.023140082238125
1760.0,1.970801124317727,6.023618536335121
1761.0,1.9708016972052111,6.024096830843176
1762.0,1.9708022500292284,6.02457496584849
1763.0,1.970802782748873,6.0250529414371
1764.0,1.9708032953233117,6.0255307576948764
1765.0,1.9708037877117839,6.026008414707525
1766.0,1.970804259873601,6.02648591256059
1767.0,1.9708047117681466,6.026963251339449
1768.0,1.970805143354876,6.027440431129319
1769.0,1.9708055545933165,6.027917452015254
1770.0,1.9708059454430664,6.028394314082145
1771.0,1.9708063158637958,6.028871017414721
1772.0,1.9708066658152459,6.029347562097549
1773.0,1.970806995257229,6.0298239482150375
1774.0,1.970807304149628,6.030300175851431
1775.0,1.9708075924523967,6.030776245090814
1776.0,1.9708078601255594,6.031252156017112
1777.0,1.9708081071292107,6.0317279087140925
1778.0,1.9708083334235156,6.032203503265359
1779.0,1.970808538968709,6.03267893975436
1780.0,1.9708087237250953,6.033154218264384
1781.0,1.9708088876530494,6.033629338878561
1782.0,1.9708090307130153,6.034104301679864
1783.0,1.9708091528655063,6.034579106751107
1784.0,1.9708092540711049,6.03505375417495
1785.0,1.970809334290463,6.035528244033891
1786.0,1.9708093934843007,6.036002576410277
1787.0,1.970809431613408,6.036476751386296
1788.0,1.9708094486386423,6.0369507690439805
1789.0,1.97080944452093,6.0374246294652085
1790.0,1.9708094192212657,6.037898332731703
1791.0,1.970809372700712,6.038371878925031
1792.0,1.9708093049203996,6.038845268126607
1793.0,1.9708092158415267,6.039318500417691
1794.0,1.9708091054253591,6.039791575879389
1795.0,1.9708089736332306,6.040264494592654
1796.0,1.970808820426542,6.040737256638287
1797.0,1.9708086457667608,6.041209862096935
1798.0,1.9708084496154221,6.041682311049094
1799.0,1.9708082319341276,6.042154603575107
1800.0,1.9708079926845457,6.0426267397551685
1801.0,1.9708077318284114,6.043098719669318
1802.0,1.970807449327526,6.043570543397448
1803.0,1.970807145143757,6.044042211019296
1804.0,1.9708068192390378,6.044513722614455
1805.0,1.9708064715753681,6.044985078262363
1806.0,1.970806102114813,6.045456278042313
1807.0,1.9708057108195036,6.045927322033447
1808.0,1.970805297651636,6.0463982103147575
1809.0,1.9708048625734718,6.04686894296509
1810.0,1.9708044055473377,6.047339520063141
1811.0,1.9708039265356256,6.0478099416874604
1812.0,1.970803425500792,6.04828020791645
1813.0,1.9708029024053582,6.0487503188283664
1814.0,1.97080235721191,6.049220274501317
1815.0,1.9708017898830978,6.049690075013263
1816.0,1.9708012003816362,6.050159720442022
1817.0,1.9708005886703035,6.050629210865264
1818.0,1.9707999547119424,6.051098546360514
1819.0,1.9707992984694591,6.051567727005152
1820.0,1.9707986199058238,6.052036752876416
1821.0,1.97079791898407,6.052505624051394
1822.0,1.9707971956672945,6.052974340607035
1823.0,1.9707964499186574,6.053442902620143
1824.0,1.970795681701382,6.053911310167377
1825.0,1.9707948909787545,6.054379563325256
1826.0,1.9707940777141235,6.054847662170153
1827.0,1.9707932418709007,6.055315606778302
1828.0,1.97079238341256,6.055783397225792
1829.0,1.9707915023026379,6.0562510335885715
1830.0,1.970790598504733,6.056718515942449
1831.0,1.9707896719825058,6.057185844363089
1832.0,1.970788722699679,6.057653018926018
1833.0,1.9707877506200369,6.058120039706621
1834.0,1.9707867557074255,6.0585869067801426
1835.0,1.970785737925752,6.059053620221688
1836.0,1.9707846972389857,6.059520180106222
1837.0,1.9707836336111564,6.059986586508574
1838.0,1.9707825470063551,6.060452839503428
1839.0,1.970781437388734,6.060918939165336
1840.0,1.9707803047225059,6.061384885568708
1841.0,1.9707791489719444,6.061850678787816
1842.0,1.9707779701013834,6.062316318896797
1843.0,1.9707767680752173,6.0627818059696486
1844.0,1.9707755428579008,6.063247140080232
1845.0,1.9707742944139486,6.0637123213022734
1846.0,1.9707730227079352,6.064177349709359
1847.0,1.9707717277044954,6.064642225374943
1848.0,1.9707704093683232,6.065106948372341
1849.0,1.9707690676641723,6.065571518774734
1850.0,1.970767702556856,6.066035936655169
1851.0,1.9707663140112468,6.066500202086557
1852.0,1.9707649019922764,6.066964315141674
1853.0,1.9707634664649352,6.067428275893164
1854.0,1.9707620073942727,6.067892084413535
1855.0,1.9707605247453972,6.068355740775163
1856.0,1.9707590184834756,6.06881924505029
1857.0,1.970757488573733,6.069282597311024
1858.0,1.970755934981453,6.069745797629341
1859.0,1.9707543576719777,6.070208846077087
1860.0,1.970752756610707,6.070671742725971
1861.0,1.9707511317630988,6.071134487647576
1862.0,1.9707494830946688,6.0715970809133495
1863.0,1.9707478105709904,6.072059522594609
1864.0,1.9707461141576943,6.07252181276254
1865.0,1.970744393820469,6.0729839514882
1866.0,1.97074264952506,6.0734459388425135
1867.0,1.9707408812372702,6.073907774896277
1868.0,1.9707390889229595,6.074369459720156
1869.0,1.9707372725480445,6.074830993384687
1870.0,1.9707354320784989,6.075292375960277
1871.0,1.9707335674803526,6.075753607517206
1872.0,1.970731678719692,6.076214688125623
1873.0,1.9707297657626606,6.0766756178555505
1874.0,1.9707278285754575,6.077136396776881
1875.0,1.970725867124338,6.077597024959382
1876.0,1.9707238813756136,6.078057502472691
1877.0,1.9707218712956516,6.078517829386321
1878.0,1.9707198368508752,6.078978005769656
1879.0,1.9707177780077627,6.0794380316919545
1880.0,1.9707156947328486,6.079897907222348
1881.0,1.9707135869927221,6.080357632429842
1882.0,1.9707114547540283,6.080817207383318
1883.0,1.970709297983467,6.081276632151531
1884.0,1.9707071166477932,6.08173590680311
1885.0,1.9707049107138164,6.0821950314065605
1886.0,1.9707026801484013,6.082654006030263
1887.0,1.970700424918467,6.083112830742474
1888.0,1.9706981449909873,6.083571505611324
1889.0,1.97069584033299,6.084030030704824
1890.0,1.9706935109115575,6.084488406090856
1891.0,1.9706911566938263,6.084946631837184
1892.0,1.9706887776469868,6.0854047080114455
1893.0,1.9706863737382834,6.085862634681157
1894.0,1.970683944935014,6.086320411913713
1895.0,1.9706814912045305,6.086778039776384
1896.0,1.9706790125142382,6.087235518336321
1897.0,1.9706765088315956,6.087692847660553
1898.0,1.9706739801241149,6.088150027815986
1899.0,1.9706714263593612,6.088607058869406
1900.0,1.9706688475049527,6.089063940887479
1901.0,1.9706662435285607,6.089520673936751
1902.0,1.9706636143979088,6.089977258083645
1903.0,1.9706609600807738,6.090433693394468
1904.0,1.970658280544985,6.090889979935404
1905.0,1.970655575758424,6.0913461177725186
1906.0,1.9706528456890249,6.091802106971759
1907.0,1.970650090304774,6.092257947598953
1908.0,1.9706473095737091,6.09271363971981
1909.0,1.9706445034639213,6.0931691833999215
1910.0,1.9706416719435522,6.09362457870476
1911.0,1.970638814980796,6.09407982569968
1912.0,1.9706359325438985,6.09453492444992
1913.0,1.9706330246011565,6.0949898750206
1914.0,1.9706300911209187,6.095444677476723
1915.0,1.970627132071585,6.095899331883176
1916.0,1.9706241474216062,6.096353838304729
1917.0,1.9706211371394846,6.096808196806037
1918.0,1.9706181011937731,6.097262407451636
1919.0,1.9706150395530757,6.097716470305949
1920.0,1.9706119521860468,6.098170385433283
1921.0,1.9706088390613916,6.0986241528978296
1922.0,1.970605700147866,6.099077772763664
1923.0,1.9706025354142762,6.09953124509475
1924.0,1.9705993448294783,6.099984569954933
1925.0,1.9705961283623787,6.100437747407947
1926.0,1.9705928859819344,6.100890777517413
1927.0,1.9705896176571516,6.101343660346834
1928.0,1.9705863233570868,6.101796395959604
1929.0,1.970583003050846,6.102248984419001
1930.0,1.9705796567075848,6.102701425788191
1931.0,1.9705762842965087,6.103153720130228
1932.0,1.9705728857868718,6.103605867508053
1933.0,1.9705694611479783,6.104057867984494
1934.0,1.970566010349181,6.104509721622269
1935.0,1.9705625333598822,6.104961428483983
1936.0,1.9705590301495326,6.105412988632129
1937.0,1.9705555006876323,6.10586440212909
1938.0,1.9705519449437296,6.106315669037138
1939.0,1.970548362887422,6.106766789418433
1940.0,1.9705447544883552,6.107217763335027
1941.0,1.970541119716223,6.107668590848858
1942.0,1.970537458540768,6.108119272021758
1943.0,1.970533770931781,6.1085698069154475
1944.0,1.9705300568591004,6.109020195591536
1945.0,1.9705263162926132,6.109470438111527
1946.0,1.9705225492022538,6.109920534536812
1947.0,1.9705187555580046,6.110370484928676
1948.0,1.9705149353298956,6.110820289348295
1949.0,1.9705110884880044,6.111269947856735
1950.0,1.9705072150024558,6.111719460514957
1951.0,1.9696845554988245,6.112168174094965
1952.0,1.9688620138344624,6.11261543861035
1953.0,1.9680395879609158,6.113061258834554
1954.0,1.9672172758396058,6.113505639519969
1955.0,1.9663950754417612,6.113948585398073
1956.0,1.9655729847483527,6.114390101179562
1957.0,1.964751001750028,6.11483019155449
1958.0,1.9639291244470467,6.115268861192399
1959.0,1.963107350849216,6.1157061147424505
1960.0,1.9622856789758276,6.116141956833561
1961.0,1.961464106855594,6.116576392074528
1962.0,1.9606426325265864,6.117009425054162
1963.0,1.9598212540361721,6.117441060341413
1964.0,1.9589999694409534,6.117871302485497
1965.0,1.9581787768067065,6.118300156016023
1966.0,1.9573576742083207,6.1187276254431175
1967.0,1.9565366597297391,6.119153715257551
1968.0,1.9557157314638984,6.119578429930855
1969.0,1.9548948875126702,6.12000177391545
1970.0,1.9540741259868024,6.120423751644763
1971.0,1.9532534450058614,6.120844367533349
1972.0,1.9524328426981745,6.121263625977008
1973.0,1.9516123172007727,6.121681531352907
1974.0,1.9507918666593338,6.122098088019693
1975.0,1.9499714892281275,6.122513300317611
1976.0,1.9491511830699582,6.12292717256862
1977.0,1.948330946356111,6.123339709076504
1978.0,1.947510777266296,6.1237509141269895
1979.0,1.9466906739885952,6.1241607919878565
1980.0,1.9458706347194075,6.124569346909049
1981.0,1.945050657663396,6.124976583122787
1982.0,1.9442307410334347,6.1253825048436745
1983.0,1.9434108830505563,6.125787116268811
1984.0,1.9425910819438998,6.126190421577899
1985.0,1.941771335950659,6.126592424933349
1986.0,1.940951643316031,6.12699313048039
1987.0,1.9401320022931658,6.127392542347169
1988.0,1.9393124111431157,6.127790664644863
1989.0,1.938492868134785,6.128187501467776
1990.0,1.9376733715448808,6.128583056893448
1991.0,1.9368539196578634,6.128977334982753
1992.0,1.9360345107658978,6.129370339780003
1993.0,1.9352151431688054,6.129762075313047
1994.0,1.9343958151740157,6.130152545593371
1995.0,1.9335765250965185,6.1305417546162
1996.0,1.932757271258817,6.130929706360591
1997.0,1.931938051990881,6.131316404789537
1998.0,1.9311188656301,6.131701853850059
1999.0,1.9302997105212372,6.132086057473302
2000.0,1.9294805850163839,6.132469019574635
2001.0,1.9286614874749137,6.132850744053741
2002.0,1.9278424162634384,6.133231234794711
2003.0,1.9270233697557624,6.133610495666142
2004.0,1.9262043463328382,6.133988530521223
2005.0,1.9253853443827234,6.134365343197831
2006.0,1.9245663623005362,6.13474093751862
2007.0,1.923747398488413,6.135115317291112
2008.0,1.9229284513554645,6.135488486307788
2009.0,1.9221095193177336,6.135860448346174
2010.0,1.921290600798153,6.1362312071689304
2011.0,1.9204716942265032,6.1366007665239435
2012.0,1.9196527980393714,6.136969130144405
2013.0,1.9188339106801098,6.137336301748904
2014.0,1.9180150305987942,6.13770228504151
2015.0,1.9171961562521842,6.138067083711861
2016.0,1.9163772861036825,6.138430701435242
2017.0,1.9155584186232948,6.138793141872674
2018.0,1.9147395522875903,6.139154408670996
2019.0,1.9139206855796622,6.1395145054629445
2020.0,1.9131018169890885,6.13987343586724
2021.0,1.9122829450118934,6.140231203488663
2022.0,1.9114640681505088,6.14058781191814
2023.0,1.9106451849137362,6.140943264732817
2024.0,1.9098262938167088,6.141297565496147
2025.0,1.9090073933808531,6.141650717757959
2026.0,1.9081884821338533,6.142002725054547
2027.0,1.9073695586096124,6.142353590908739
2028.0,1.9065506213482168,6.142703318829977
2029.0,1.9057316688958994,6.143051912314394
2030.0,1.904912699805003,6.14339937484489
2031.0,1.904093712633945,6.143745709891206
2032.0,1.9032747059471817,6.144090920910001
2033.0,1.902455678315173,6.144435011344923
2034.0,1.9016366283143464,6.1447779846266855
2035.0,1.9008175545270636,6.145119844173139
2036.0,1.8999984555415848,6.145460593389344
2037.0,1.899179329952035,6.145800235667643
2038.0,1.89836017635837,6.146138774387734
2039.0,1.8975409933663419,6.146476212916737
2040.0,1.8967217795874667,6.146812554609269
2041.0,1.89590253363899,6.1471478028075115
2042.0,1.895083254143855,6.14748196084128
2043.0,1.894263939730668,6.147815032028095
2044.0,1.8934445890336682,6.148147019673247
2045.0,1.8926252006926936,6.148477927069867
2046.0,1.8918057733531497,6.148807757498994
2047.0,1.8909863056659775,6.149136514229641
2048.0,1.890166796287622,6.14946420051886
2049.0,1.8893472438800014,6.1497908196118125
2050.0,1.8885276471104748,6.150116374741829
2051.0,1.8877080046518122,6.15044086913048
2052.0,1.8868883151821638,6.150764305987636
2053.0,1.8860685773850296,6.151086688511533
2054.0,1.8852487899492287,6.151408019888839
2055.0,1.8844289515688701,6.151728303294711
2056.0,1.8836090609433223,6.152047541892865
2057.0,1.882789116777184,6.152365738835631
2058.0,1.8819691177802553,6.152682897264022
2059.0,1.8811490626675078,6.152999020307788
2060.0,1.880328950159056,6.153314111085483
2061.0,1.8795087789801295,6.153628172704524
2062.0,1.8786885478610427,6.153941208261249
2063.0,1.8778682555371682,6.154253220840977
2064.0,1.877047900748908,6.1545642135180705
2065.0,1.8762274822416665,6.15487418935599
2066.0,1.8754069987658213,6.155183151407355
2067.0,1.8745864490766972,6.155491102714001
2068.0,1.8737658319345385,6.155798046307039
2069.0,1.8729451461044817,6.156103985206909
2070.0,1.8721243903565292,6.156408922423439
2071.0,1.8713035634655222,6.156712860955901
2072.0,1.8704826642111143,6.157015803793068
2073.0,1.8696616913777457,6.157317753913269
2074.0,1.8688406437546166,6.157618714284441
2075.0,1.8680195201356613,6.157918687864188
2076.0,1.867198319319523,6.158217677599835
2077.0,1.8663770401095277,6.158515686428481
2078.0,1.8655556813136596,6.158812717277049
2079.0,1.8647342417445352,6.1591087730623455
2080.0,1.8639127202193788,6.159403856691111
2081.0,1.8630911155599976,6.159697971060071
2082.0,1.8622694265927568,6.15999111905599
2083.0,1.861447652148556,6.160283303555721
2084.0,1.8606257910628037,6.16057452742626
2085.0,1.8598038421753944,6.160864793524796
2086.0,1.8589818043306838,6.16115410469876
2087.0,1.858159676377466,6.161442463785876
2088.0,1.8573374571689485,6.161729873614212
2089.0,1.8565151455627302,6.162016337002232
2090.0,1.8556927404207777,6.1623018567588375
2091.0,1.8548702406094018,6.162586435683426
2092.0,1.8540476449992347,6.162870076565934
2093.0,1.853224952465208,6.163152782186884
2094.0,1.8524021618865292,6.163434555317439
2095.0,1.8515792721466595,6.163715398719442
2096.0,1.850756282133292,6.1639953151454705
2097.0,1.8499331907383287,6.164274307338879
2098.0,1.8491099968578595,6.1645523780338465
2099.0,1.8482866993921394,6.164829529955425
2100.0,1.847463297245568,6.165105765819584
2101.0,1.8466397893266666,6.1653810883332545
2102.0,1.8458161745480581,6.165655500194377
2103.0,1.8449924518264451,6.165929004091945
2104.0,1.8441686200825889,6.166201602706051
2105.0,1.8433446782412886,6.166473298707931
2106.0,1.8425206252313606,6.166744094760007
2107.0,1.8416964599856178,6.167013993515933
2108.0,1.8408721814408489,6.167282997620637
2109.0,1.8400477885377982,6.167551109710364
2110.0,1.8392232802211455,6.167818332412721
2111.0,1.838398655439486,6.168084668346719
2112.0,1.8375739131453104,6.168350120122813
2113.0,1.8367490522949848,6.168614690342949
2114.0,1.8359240718487313,6.1688783816006
2115.0,1.8350989707706085,6.169141196480813
2116.0,1.834273748028492,6.169403137560246
2117.0,1.8334484025940558,6.169664207407211
2118.0,1.8326229334427517,6.169924408581717
2119.0,1.8317973395537916,6.170183743635504
2120.0,1.8309716199101282,6.170442215112091
2121.0,1.8301457734984363,6.1706998255468095
2122.0,1.8293197993090942,6.170956577466847
2123.0,1.8284936963361653,6.171212473391285
2124.0,1.8276674635773795,6.1714675158311385
2125.0,1.8268411000341152,6.171721707289394
2126.0,1.826014604711381,6.171975050261049
2127.0,1.8251879766177979,6.172227547233152
2128.0,1.8243612147655814,6.172479200684834
2129.0,1.8235343181705237,6.172730013087357
2130.0,1.8227072858519762,6.172979986904141
2131.0,1.8218801168328316,6.173229124590809
2132.0,1.8210528101395071,6.17347742859522
2133.0,1.8202253648019269,6.173724901357506
2134.0,1.8193977798535044,6.173971545310112
2135.0,1.8185700543311265,6.174217362877827
2136.0,1.8177421872751354,6.174462356477825
2137.0,1.8169141777293123,6.1747065285197
2138.0,1.816086024740861,6.174949881405497
2139.0,1.815257727360391,6.175192417529755
2140.0,1.8144292846419006,6.1754341392795356
2141.0,1.8136006956427615,6.175675049034462
2142.0,1.8127719594237017,6.175915149166751
2143.0,1.8119430750487897,6.17615444204125
2144.0,1.8111140415854183,6.176392930015471
2145.0,1.810284858104289,6.176630615439621
2146.0,1.8094555236793957,6.176867500656641
2147.0,1.8086260373880094,6.177103588002236
2148.0,1.8077963983106622,6.1773388798049105
2149.0,1.806966605531132,6.177573378386
2150.0,1.8061366581364273,6.177807086059705
2151.0,1.8053065552167713,6.178040005133123
2152.0,1.8044762958655869,6.178272137906282
2153.0,1.803645879179482,6.178503486672173
2154.0,1.802815304258234,6.178734053716781
2155.0,1.8019845702047752,6.178963841319116
2156.0,1.8011536761251774,6.179192851751248
2157.0,1.800322621128638,6.179421087278335
2158.0,1.799491404327465,6.1796485501586575
2159.0,1.798660024837062,6.1798752426436465
2160.0,1.7978284817759147,6.1801011669779164
2161.0,1.7969967742655757,6.180326325399295
2162.0,1.7961649014306504,6.180550720138854
2163.0,1.7953328623987836,6.180774353420939
2164.0,1.7945006563006445,6.180997227463202
2165.0,1.7936682822699128,6.181219344476626
2166.0,1.7928357394432657,6.181440706665562
2167.0,1.7920030269603628,6.181661316227751
2168.0,1.791170143963834,6.181881175354358
2169.0,1.7903370895992639,6.1821002862300025
2170.0,1.78950386301518,6.182318651032781
2171.0,1.7886704633630386,6.182536271934302
2172.0,1.787836889797211,6.182753151099714
2173.0,1.787003141474971,6.182969290687728
2174.0,1.7861692175564812,6.183184692850654
2175.0,1.78533511720478,6.183399359734423
2176.0,1.7845008395857689,6.183613293478619
2177.0,1.7836663838681988,6.183826496216503
2178.0,1.782831749223658,6.184038970075042
2179.0,1.7819969348265592,6.184250717174937
2180.0,1.781161939854126,6.184461739630651
2181.0,1.7803267634863817,6.184672039550433
2182.0,1.7794914049061359,6.184881619036348
2183.0,1.7786558632989715,6.185090480184303
2184.0,1.777820137853234,6.185298625084069
2185.0,1.7769842277600172,6.185506055819316
2186.0,1.7761481322131527,6.185712774467629
2187.0,1.7753118504091967,6.185918783100545
2188.0,1.7744753815474186,6.18612408378357
2189.0,1.7736387248297882,6.186328678576206
2190.0,1.7728018794609646,6.186532569531984
2191.0,1.771964844648284,6.186735758698478
2192.0,1.7711276196017482,6.186938248117338
2193.0,1.7702902035340122,6.187140039824314
2194.0,1.7694525956603733,6.1873411358492785
2195.0,1.7686147951987592,6.187541538216253
2196.0,1.767776801369717,6.187741248943434
2197.0,1.7669386133964013,6.187940270043211
2198.0,1.7661002305045628,6.1881386035222
2199.0,1.7652616519225373,6.188336251381259
2200.0,1.7644228768812347,6.188533215615521
2201.0,1.7635839046141277,6.188729498214407
2202.0,1.7627447343572404,6.188925101161659
2203.0,1.7619053653491379,6.18912002643536
2204.0,1.7610657968309147,6.189314276007955
2205.0,1.7602260280461848,6.189507851846279
2206.0,1.7593860582410699,6.189700755911576
2207.0,1.7585458866641894,6.189892990159525
2208.0,1.7577055125666496,6.190084556540262
2209.0,1.7568649352020331,6.190275456998398
2210.0,1.7560241538263879,6.190465693473051
2211.0,1.7551831676982173,6.19065526789786
2212.0,1.7543419760784698,6.19084418220101
2213.0,1.753500578230528,6.191032438305256
2214.0,1.7526589734201994,6.191220038127942
2215.0,1.7518171609157052,6.191406983581026
2216.0,1.7509751399876705,6.191593276571099
2217.0,1.7501329099091145,6.191778918999406
2218.0,1.7492904699554401,6.191963912761871
2219.0,1.7484478194044242,6.192148259749115
2220.0,1.7476049575362078,6.19233196184648
2221.0,1.746761883633286,6.192515020934048
2222.0,1.7459185969804987,6.19269743888666
2223.0,1.7450750968650197,6.192879217573944
2224.0,1.7442313825763485,6.193060358860327
2225.0,1.7433874534062999,6.193240864605062
2226.0,1.7425433086489945,6.193420736662243
2227.0,1.7416989476008498,6.19359997688083
2228.0,1.7408543695605698,6.193778587104669
2229.0,1.7400095738291363,6.193956569172507
2230.0,1.7391645597097998,6.194133924918019
2231.0,1.7383193265080692,6.194310656169822
2232.0,1.737473873531704,6.194486764751496
2233.0,1.7366282000907036,6.194662252481607
2234.0,1.7357823054973,6.194837121173722
2235.0,1.7349361890659474,6.195011372636432
2236.0,1.7340898501133135,6.195185008673367
2237.0,1.733243287958271,6.195358031083221
2238.0,1.7323965019218883,6.195530441659764
2239.0,1.7315494913274208,6.1957022421918655
2240.0,1.7307022555003018,6.195873434463515
2241.0,1.7298547937681348,6.196044020253834
2242.0,1.729007105460684,6.1962140013371005
2243.0,1.7281591899098654,6.196383379482765
2244.0,1.727311046449739,6.1965521564554695
2245.0,1.7264626744165001,6.1967203340150645
2246.0,1.7256140731484706,6.196887913916629
2247.0,1.7247652419860904,6.197054897910486
2248.0,1.7239161802719096,6.197221287742224
2249.0,1.7230668873505801,6.19738708515271
2250.0,1.7222173625688468,6.197552291878112
2251.0,1.72136760527554,6.197716909649914
2252.0,1.7205176148215668,6.197880940194934
2253.0,1.7196673905599031,6.198044385235339
2254.0,1.7188169318455857,6.198207246488667
2255.0,1.7179662380357041,6.19836952566784
2256.0,1.7171153084893924,6.198531224481184
2257.0,1.7162641425678218,6.198692344632444
2258.0,1.7154127396341923,6.1988528878208005
2259.0,1.714561099053725,6.199012855740889
2260.0,1.7137092201936541,6.199172250082813
2261.0,1.7128571024232198,6.199331072532164
2262.0,1.7120047451136597,6.1994893247700364
2263.0,1.711152147638202,6.199647008473042
2264.0,1.7102993093720567,6.19980412531333
2265.0,1.7094462296924098,6.199960676958599
2266.0,1.708592907978414,6.20011666507212
2267.0,1.707739343611182,6.200272091312741
2268.0,1.7068855359737798,6.200426957334916
2269.0,1.7060314844512174,6.200581264788709
2270.0,1.7051771884304434,6.200735015319819
2271.0,1.7043226473003363,6.20088821056959
2272.0,1.7034678604516982,6.201040852175028
2273.0,1.7026128272772467,6.201192941768818
2274.0,1.7017575471716084,6.201344480979337
2275.0,1.7009020195313116,6.201495471430669
2276.0,1.7000462437547788,6.201645914742624
2277.0,1.69919021924232,6.201795812530748
2278.0,1.698333945396126,6.201945166406343
2279.0,1.69747742162026,6.202093977976476
2280.0,1.6966206473206522,6.2022422488440005
2281.0,1.6957636219050927,6.202389980607565
2282.0,1.6949063447832236,6.202537174861632
2283.0,1.694048815366533,6.202683833196491
2284.0,1.6931910330683482,6.202829957198272
2285.0,1.6923329973038286,6.202975548448962
2286.0,1.691474707489959,6.203120608526418
2287.0,1.6906161630455434,6.2032651390043805
2288.0,1.6897573633911975,6.2034091414524895
2289.0,1.6888983079493431,6.203552617436297
2290.0,1.6880389961442008,6.203695568517281
2291.0,1.6871794274017835,6.203837996252862
2292.0,1.6863196011498902,6.203979902196412
2293.0,1.6854595168180997,6.204121287897274
2294.0,1.6845991738377635,6.2042621549007695
2295.0,1.6837385716420001,6.204402504748217
2296.0,1.6828777096656884,6.204542338976945
2297.0,1.682016587345461,6.204681659120301
2298.0,1.681155204119698,6.2048204667076705
2299.0,1.680293559428522,6.204958763264486
2300.0,1.67943165271379,6.205096550312242
