t,H,L
0.0,2.18,4.44
1.0,2.178442841408719,4.443785418561373
2.0,2.1769045939451104,4.447537978078249
3.0,2.175384865736758,4.45125830807455
4.0,2.173883276776564,4.45494701996043
5.0,2.1723994584513213,4.4586047077248665
6.0,2.1709330530933926,4.46223194859533
7.0,2.169483713554143,4.465829303666417
8.0,2.168051102797883,4.469397318499156
9.0,2.166634893515149,4.47293652369265
10.0,2.1652347677542303,4.476447435429556
11.0,2.163850416569919,4.479930555996833
12.0,2.1624815396885326,4.4833863742831035
13.0,2.161127845188309,4.486815366253872
14.0,2.1597890491943432,4.490217995405779
15.0,2.1584648755872764,4.493594713200996
16.0,2.1571550557250037,4.496945959482796
17.0,2.155859328176709,4.500272162873265
18.0,2.15457743846858,4.503573741154084
19.0,2.153309138840596,4.506851101631228
20.0,2.152054188013812,4.510104641484402
21.0,2.150812350967606,4.513334748101967
22.0,2.1495833987263775,4.5165417994020896
23.0,2.1483671081552322,4.519726164140766
24.0,2.147163261764188,4.522888202207393
25.0,2.1459716475204926,4.526028264908461
26.0,2.144792058668649,4.529146695239947
27.0,2.1436242935577727,4.532243828148953
28.0,2.1424681554759286,4.535319990785082
29.0,2.141323452491107,4.538375502742041
30.0,2.140189997298531,4.541410676289928
31.0,2.1390676070739874,4.544425816598622
32.0,2.137956103332903,4.547421221952687
33.0,2.136855311794902,4.550397183958181
34.0,2.1357650622535833,4.553353987741724
35.0,2.1346851884512867,4.5562919121421785
36.0,2.133615527958616,4.559211229895264
37.0,2.1325559220585064,4.562112207811426
38.0,2.13150621563463,4.564995106947238
39.0,2.130466257063952,4.56786018277064
40.0,2.1294358981132477,4.570707685320251
41.0,2.1284149938394106,4.573537859359035
42.0,2.127403402493386,4.576350944522542
43.0,2.1264009854275723,4.579147175461962
44.0,2.1254076070065424,4.5819267819822045
45.0,2.1244231345209434,4.584689989175209
46.0,2.1234474381044395,4.587437017548693
47.0,2.1224803906535703,4.590168083150507
48.0,2.1215218677504044,4.592883397688797
49.0,2.12057174758787,4.595583168648121
50.0,2.1196299108976544,4.598267599401699
51.0,2.118696240880567,4.600936889319945
52.0,2.117770623139262,4.603591233875424
53.0,2.1168529456132337,4.606230824744383
54.0,2.1159430985159844,4.608855849904983
55.0,2.115040974274284,4.611466493732361
56.0,2.114146467469438,4.614062937090646
57.0,2.1132594747804814,4.6166453574220485
58.0,2.1123798949292274,4.619213928833129
59.0,2.111507628627098,4.621768822178353
60.0,2.1106425785236658,4.6243102051410405
61.0,2.1097846491568424,4.626838242311798
62.0,2.108933746904653,4.629353095264539
63.0,2.1080897799385347,4.631854922630165
64.0,2.107252658178099,4.634343880168009
65.0,2.106422293247311,4.636820120835115
66.0,2.1055985984320262,4.639283794853432
67.0,2.1047814886388347,4.641735049774995
68.0,2.1039708803551713,4.644174030545179
69.0,2.103166691610637,4.646600879564072
70.0,2.1023688419394944,4.64901573674605
71.0,2.101577252344292,4.651418739577619
72.0,2.100791845260576,4.653810023173568
73.0,2.1000125445226523,4.656189720331508
74.0,2.0992392753303637,4.658557961584844
75.0,2.0984719642168406,4.660914875254239
76.0,2.097710539017197,4.663260587497615
77.0,2.096954928838136,4.665595222358749
78.0,2.0962050640284335,4.667918901814501
79.0,2.0954608761502715,4.670231745820731
80.0,2.094722297951389,4.672533872356939
81.0,2.0939892633380257,4.6748253974696805
82.0,2.0932617073486304,4.677106435314784
83.0,2.0925395661283073,4.679377098198425
84.0,2.091822776903978,4.681637496617082
85.0,2.0911112779602328,4.683887739296419
86.0,2.09040500861585,4.686127933229122
87.0,2.089703909200961,4.688358183711729
88.0,2.0890079210348405,4.690578594380485
89.0,2.0883169864042994,4.692789267246242
90.0,2.087631048542664,4.694990302728459
91.0,2.08695005160932,4.697181799688297
92.0,2.0862739406698023,4.699363855460871
93.0,2.085602661676421,4.701536565886654
94.0,2.084936161449393,4.703700025342088
95.0,2.0842743876584766,4.705854326769401
96.0,2.0836172888050855,4.707999561705677
97.0,2.082964814204869,4.7101358203111765
98.0,2.082316913970744,4.7122631913969615
99.0,2.0816735389963683,4.714381762451814
100.0,2.0810346409400333,4.716491619668492
101.0,2.0804001722089724,4.718592847969332
102.0,2.0797700859440673,4.720685531031221
103.0,2.07914433600494,4.722769751309955
104.0,2.078522876955423,4.724845590064002
105.0,2.07790566404939,4.726913127377693
106.0,2.077292653216943,4.728972442183841
107.0,2.0766838010509403,4.73102361228583
108.0,2.076079064793857,4.733066714379161
109.0,2.07547840232497,4.7351018240725
110.0,2.074881772147855,4.737129015908211
111.0,2.074289133378187,4.739148363382415
112.0,2.0737004457318378,4.741159938964575
113.0,2.0731156695132604,4.743163814116623
114.0,2.0725347656041513,4.745160059311641
115.0,2.071957695452382,4.747148744052113
116.0,2.0713844210611985,4.749129936887751
117.0,2.070814904978669,4.751103705432918
118.0,2.070249110287386,4.753070116383648
119.0,2.069687000594409,4.755029235534281
120.0,2.069128540021438,4.756981127793727
121.0,2.068573693195219,4.758925857201352
122.0,2.0680224252381705,4.760863486942519
123.0,2.0674747017592234,4.762794079363776
124.0,2.0669304888448736,4.764717695987713
125.0,2.066389753050438,4.766634397527478
126.0,2.0658524613915077,4.76854424390099
127.0,2.065318581335595,4.770447294244826
128.0,2.06478808079397,4.772343606927812
129.0,2.064260928113675,4.774233239564323
130.0,2.063737092069725,4.77611624902728
131.0,2.0632165418574746,4.777992691460886
132.0,2.062699247085156,4.779862622293078
133.0,2.062185177766582,4.781726096247711
134.0,2.061674304314006,4.7835831673564915
135.0,2.0611665975311437,4.785433888970653
136.0,2.06066202860634,4.787278313772387
137.0,2.060160569105887,4.789116493786034
138.0,2.059662190967486,4.790948480389039
139.0,2.0591668664938485,4.79277432432268
140.0,2.0586745683464347,4.79459407570258
141.0,2.058185269539326,4.79640778402899
142.0,2.057698943433225,4.79821549819687
143.0,2.057215563729585,4.800017266505765
144.0,2.0567351044648596,4.8018131366694705
145.0,2.056257540004876,4.803603155825511
146.0,2.0557828450393227,4.80538737054442
147.0,2.055310994576354,4.807165826838842
148.0,2.054841963937304,4.808938570172442
149.0,2.054375728751509,4.810705645468643
150.0,2.0539122649512405,4.812467097119191
151.0,2.053451548766735,4.814222968992542
152.0,2.05299355672133,4.815973304442098
153.0,2.0525382656266973,4.817718146314264
154.0,2.0520856525781705,4.819457536956363
155.0,2.0516356949501686,4.821191518224386
156.0,2.0511883703917104,4.822920131490597
157.0,2.0507436568220188,4.8246434176509885
158.0,2.0503015324262113,4.8263614171325955
159.0,2.049861975651077,4.828074169900666
160.0,2.049424965200936,4.829781715465698
161.0,2.04899048003358,4.83148409289034
162.0,2.048558499356292,4.8331813407961635
163.0,2.0481290026219474,4.834873497370301
164.0,2.047701969525183,4.83656060037197
165.0,2.047277379998647,4.838242687138863
166.0,2.0468552142093195,4.839919794593427
167.0,2.0464354525549004,4.84159195924902
168.0,2.04601807566027,4.843259217215959
169.0,2.045603064374017,4.84492160420745
170.0,2.0451903997650285,4.846579155545416
171.0,2.044780063119149,4.848231906166212
172.0,2.0443720359358992,4.849879890626238
173.0,2.0439662999252586,4.851523143107453
174.0,2.0435628370045062,4.853161697422782
175.0,2.043161629295122,4.854795587021431
176.0,2.042762659119743,4.856424844994105
177.0,2.0423659089991792,4.858049504078135
178.0,2.0419713616494826,4.859669596662504
179.0,2.041578999979069,4.861285154792795
180.0,2.041188807085895,4.862896210176047
181.0,2.040800766254683,4.864502794185523
182.0,2.0404148609542014,4.8661049378653916
183.0,2.0400310748345887,4.86770267193534
184.0,2.039649391724729,4.869296026795087
185.0,2.039269795629675,4.870885032528834
186.0,2.038892270728115,4.872469718909628
187.0,2.038516801369887,4.874050115403656
188.0,2.0381433720735345,4.875626251174459
189.0,2.0377719675239088,4.877198155087079
190.0,2.0374025725698117,4.878765855712135
191.0,2.03703517222168,4.880329381329824
192.0,2.0366697516493097,4.88188875993386
193.0,2.0363062961796228,4.883444019235341
194.0,2.0359447912944684,4.884995186666558
195.0,2.035585222628467,4.886542289384729
196.0,2.0352275759668883,4.888085354275683
197.0,2.0348718372435672,4.889624407957473
198.0,2.0345179925388552,4.891159476783931
199.0,2.034166028077607,4.892690586848167
200.0,2.0338159302272008,4.894217763986011
201.0,2.0334676854955944,4.8957410337793865
202.0,2.033121280529411,4.897260421559646
203.0,2.0327767021120606,4.898775952410839
204.0,2.032433937161889,4.900287651172932
205.0,2.032092972730363,4.901795542444976
206.0,2.0317537960002805,4.9032996505882185
207.0,2.031416394284016,4.904799999729173
208.0,2.0310807550217906,4.906296613762629
209.0,2.030746865779972,4.907789516354625
210.0,2.0304147142494036,4.9092787309453625
211.0,2.0300842882437613,4.910764280752082
212.0,2.0297555756979353,4.912246188771891
213.0,2.0294285646664396,4.913724477784543
214.0,2.029103243321847,4.915199170355178
215.0,2.028779599953251,4.91667028883702
216.0,2.0284576229647495,4.918137855374025
217.0,2.028137300873956,4.919601891903495
218.0,2.0278186223105337,4.921062420158653
219.0,2.027501576014752,4.922519461671166
220.0,2.027186150836067,4.92397303777364
221.0,2.026872335731727,4.925423169602077
222.0,2.0265601197653944,4.926869878098281
223.0,2.026249492105795,4.9283131840122465
224.0,2.025940442025386,4.929753107904493
225.0,2.025632958899044,4.931189670148374
226.0,2.025327032202778,4.932622890932345
227.0,2.0250226515124563,4.934052790262205
228.0,2.0247198065025582,4.935479387963296
229.0,2.024418486944943,4.93690270368267
230.0,2.0241186827076376,4.938322756891231
231.0,2.023820383753645,4.939739566885835
232.0,2.0235235801397695,4.941153152791366
233.0,2.023228262015459,4.94256353356278
234.0,2.022934419621668,4.9439707279871135
235.0,2.022642043289734,4.945374754685466
236.0,2.0223511234402753,4.946775632114957
237.0,2.0220616505821027,4.948173378570647
238.0,2.0217736153111483,4.9495680121874335
239.0,2.0214870083094096,4.95095955094192
240.0,2.0212018203439124,4.952348012654259
241.0,2.020918042265685,4.953733414989962
242.0,2.0206356650087525,4.955115775461693
243.0,2.020354679589141,4.956495111431027
244.0,2.020075077103901,4.957871440110186
245.0,2.0197968487301416,4.959244778563755
246.0,2.019519985724084,4.960615143710363
247.0,2.019244479420122,4.961982552324354
248.0,2.0189703212299017,4.963347021037419
249.0,2.0186975026414147,4.964708566340216
250.0,2.0184260152180995,4.966067204583965
251.0,2.018155850597962,4.967422951982013
252.0,2.017887000492705,4.968775824611389
253.0,2.0176194566868713,4.970125838414326
254.0,2.017353211037,4.971473009199769
255.0,2.017088255470793,4.972817352644861
256.0,2.016824581986297,4.974158884296401
257.0,2.016562182651092,4.975497619572293
258.0,2.016301049601496,4.976833573762968
259.0,2.0160411750417797,4.978166762032788
260.0,2.0157825512433907,4.979497199421428
261.0,2.0155251705441906,4.980824900845246
262.0,2.0152690253477017,4.982149881098625
263.0,2.015014108122366,4.9834721548553045
264.0,2.0147604114008124,4.984791736669691
265.0,2.014507927779135,4.986108640978148
266.0,2.0142566499161823,4.9874228821002715
267.0,2.0140065705328554,4.988734474240151
268.0,2.013757682411416,4.9900434314876065
269.0,2.0135099783948043,4.991349767819415
270.0,2.0132634513859666,4.992653497100516
271.0,2.013018094347191,4.993954633085207
272.0,2.0127739002994542,4.995253189418314
273.0,2.0125308623217735,4.996549179636356
274.0,2.012288973550573,4.997842617168689
275.0,2.012048227179054,4.999133515338632
276.0,2.0118086164565754,5.0004218873645865
277.0,2.0115701346880446,5.0017077463611335
278.0,2.011332775233312,5.002991105340121
279.0,2.011096531506578,5.004271977211736
280.0,2.0108613969758062,5.005550374785556
281.0,2.0106273651621436,5.0068263107716025
282.0,2.010394429639351,5.008099797781362
283.0,2.010162584033238,5.00937084832881
284.0,2.0099318220211084,5.01063947483141
285.0,2.0097021373312107,5.011905689611106
286.0,2.009473523742197,5.013169504895299
287.0,2.0092459750825893,5.014430932817817
288.0,2.009019485230251,5.015689985419862
289.0,2.0087940481118687,5.016946674650957
290.0,2.0085696577024366,5.018201012369871
291.0,2.0083463080247514,5.019453010345537
292.0,2.008123993148912,5.020702680257961
293.0,2.0079027071918243,5.021950033699111
294.0,2.0076824443167163,5.023195082173805
295.0,2.0074631987326557,5.024437837100579
296.0,2.0072449646940753,5.025678309812552
297.0,2.0070277365003046,5.026916511558272
298.0,2.0068115084951077,5.028152453502561
299.0,2.006596275066226,5.029386146727339
300.0,2.006382030644927,5.0306176022324465
301.0,2.006168769705561,5.031846830936451
302.0,2.0059564867651183,5.03307384367745
303.0,2.005745176382799,5.034298651213854
304.0,2.005534833159583,5.035521264225173
305.0,2.005325451737806,5.0367416933127815
306.0,2.0051170268007428,5.037959949000679
307.0,2.0049095530721956,5.039176041736244
308.0,2.004703025316086,5.040389981890975
309.0,2.0044974383360517,5.041601779761223
310.0,2.0042927869750513,5.0428114455689155
311.0,2.0040890661149713,5.044018989462274
312.0,2.0038862706762375,5.0452244215165205
313.0,2.0036843956174346,5.046427751734573
314.0,2.003483435934926,5.047628990047739
315.0,2.003283386662483,5.0488281463163975
316.0,2.003084242870914,5.050025230330669
317.0,2.0028859996677006,5.051220251811086
318.0,2.0026886521966403,5.052413220409247
319.0,2.002492195637488,5.05360414570847
320.0,2.002296625205607,5.0547930372244325
321.0,2.0021019361516217,5.055979904405806
322.0,2.001908123761074,5.057164756634886
323.0,2.001715183354088,5.058347603228208
324.0,2.001523110285031,5.059528453437167
325.0,2.0013318999421883,5.060707316448615
326.0,2.001141547747433,5.061884201385466
327.0,2.0009520491559045,5.063059117307283
328.0,2.0007633996556913,5.064232073210868
329.0,2.0005755947675143,5.065403078030836
330.0,2.0003886300444167,5.066572140640187
331.0,2.0002025010714566,5.067739269850874
332.0,2.0000172034654033,5.068904474414354
333.0,1.9998327328744363,5.07006776302215
334.0,1.9996490849778494,5.071229144306389
335.0,1.9994662554857576,5.072388626840344
336.0,1.9992842401388067,5.0735462191389695
337.0,1.9991030347078875,5.074701929659424
338.0,1.9989226349938527,5.075855766801597
339.0,1.998743036827237,5.077007738908619
340.0,1.9985642360679805,5.078157854267374
341.0,1.998386228605156,5.079306121109005
342.0,1.9982090103566978,5.08045254760941
343.0,1.998032577269136,5.081597141889732
344.0,1.9978569253173315,5.082739912016854
345.0,1.9976820505042152,5.083880866003874
346.0,1.997507948860531,5.085020011810582
347.0,1.9973346164445793,5.086157357343936
348.0,1.9971620493419664,5.0872929104585225
349.0,1.9969902436653542,5.0884266789570205
350.0,1.9968191955542143,5.089558670590656
351.0,1.9966489011745843,5.090688893059654
352.0,1.9964793567188266,5.091817354013682
353.0,1.996310558405391,5.092944061052293
354.0,1.9961425024785788,5.094069021725361
355.0,1.9959751852083094,5.095192243533512
356.0,1.9958086028898911,5.096313733928552
357.0,1.995642751843793,5.097433500313886
358.0,1.9954776284154194,5.09855155004494
359.0,1.995313228974888,5.09966789042957
360.0,1.9951495499168095,5.100782528728473
361.0,1.9949865876600694,5.101895472155589
362.0,1.9948243386476134,5.103006727878504
363.0,1.994662799346234,5.1041163030188414
364.0,1.99450196624636,5.105224204652658
365.0,1.994341835861848,5.106330439810828
366.0,1.9941824047297776,5.1074350154794255
367.0,1.9940236694102453,5.108537938600106
368.0,1.9938656264861656,5.109639216070481
369.0,1.9937082725630697,5.110738854744487
370.0,1.9935516042689094,5.111836861432754
371.0,1.9933956182538617,5.112933242902969
372.0,1.9932403111901356,5.114028005880233
373.0,1.993085679771782,5.115121157047423
374.0,1.992931720714504,5.116212703045536
375.0,1.992778430755471,5.117302650474043
376.0,1.992625806653133,5.11839100589123
377.0,1.992473845187039,5.119477775814541
378.0,1.9923225431576548,5.120562966720917
379.0,1.992171897386185,5.121646585047127
380.0,1.992021904714396,5.1227286371901
381.0,1.9918725620044406,5.1238091295072525
382.0,1.9917238661386842,5.124888068316812
383.0,1.9915758140195345,5.125965459898138
384.0,1.991428402569271,5.1270413104920385
385.0,1.9912816287298774,5.128115626301083
386.0,1.9911354894628754,5.129188413489918
387.0,1.9909899817491605,5.130259678185569
388.0,1.9908451025888394,5.131329426477747
389.0,1.9907008490010687,5.132397664419153
390.0,1.990557218023896,5.133464398025771
391.0,1.9904142067141022,5.134529633277167
392.0,1.9902718121470455,5.135593376116783
393.0,1.990130031416507,5.136655632452221
394.0,1.9899888616345376,5.137716408155533
395.0,1.9898482999313076,5.138775709063506
396.0,1.9897083434549563,5.13983354097794
397.0,1.9895689893714443,5.140889909665929
398.0,1.989430234864407,5.141944820860133
399.0,1.989292077135009,5.142998280259055
400.0,1.989154513401801,5.144050293527304
401.0,1.9890175409005768,5.14510086629587
402.0,1.9888811568842342,5.146150004162385
403.0,1.9887453586226342,5.147197712691383
404.0,1.9886101434024637,5.148243997414562
405.0,1.988475508527099,5.149288863831043
406.0,1.988341451316471,5.150332317407617
407.0,1.9882079691069308,5.1513743635790075
408.0,1.9880750592511176,5.152415007748109
409.0,1.987942719117828,5.153454255286242
410.0,1.9878109460918858,5.154492111533393
411.0,1.9876797375740134,5.155528581798458
412.0,1.987549090980705,5.156563671359486
413.0,1.9874190037441006,5.157597385463909
414.0,1.9872894733118613,5.158629729328785
415.0,1.9871604971470456,5.159660708141027
416.0,1.9870320727279875,5.160690327057633
417.0,1.9869041975481754,5.161718591205918
418.0,1.986776869116132,5.162745505683735
419.0,1.9866500849552964,5.1637710755597075
420.0,1.9865238426039056,5.164795305873443
421.0,1.9863981396148789,5.165818201635758
422.0,1.9862729735557023,5.166839767828895
423.0,1.986148342008315,5.167860009406738
424.0,1.9860242425689956,5.168878931295025
425.0,1.985900672848251,5.169896538391564
426.0,1.9857776304707049,5.170912835566437
427.0,1.9856551130749889,5.171927827662211
428.0,1.9855331183136333,5.172941519494145
429.0,1.9854116438529594,5.173953915850392
430.0,1.9852906873729734,5.174965021492201
431.0,1.9851702465672605,5.175974841154119
432.0,1.9850503191428803,5.176983379544185
433.0,1.9849309028202635,5.177990641344135
434.0,1.9848119953331096,5.178996631209585
435.0,1.9846935944282846,5.180001353770233
436.0,1.9845756978657212,5.181004813630049
437.0,1.9844583034183185,5.182007015367459
438.0,1.9843414088718434,5.183007963535537
439.0,1.9842250120248335,5.1840076626621885
440.0,1.9841091106884992,5.185006117250339
441.0,1.9839937026866286,5.186003331778109
442.0,1.9838787858554923,5.186999310699004
443.0,1.9837643580437487,5.187994058442085
444.0,1.9836504171123515,5.18898757941215
445.0,1.9835369609344569,5.189979877989911
446.0,1.9834239873953323,5.190970958532167
447.0,1.9833114943922654,5.191960825371973
448.0,1.9831994798344743,5.19294948281882
449.0,1.983087941643019,5.193936935158796
450.0,1.9829768777507126,5.194923186654757
451.0,1.9828662861020347,5.195908241546496
452.0,1.982756164653044,5.196892104050906
453.0,1.982646511371293,5.1978747783621415
454.0,1.9825373242357431,5.198856268651785
455.0,1.9824286012366805,5.1998365790690055
456.0,1.9823203403756324,5.200815713740716
457.0,1.9822125396652845,5.201793676771733
458.0,1.9821051971293997,5.202770472244937
459.0,1.981998310802736,5.203746104221418
460.0,1.9818918787309663,5.204720576740639
461.0,1.9817858989705999,5.205693893820584
462.0,1.9816803695889016,5.206666059457906
463.0,1.9815752886638152,5.207637077628084
464.0,1.9814706542838851,5.208606952285563
465.0,1.9813664645481794,5.209575687363909
466.0,1.9812627175662143,5.210543286775949
467.0,1.9811594114578783,5.2115097544139175
468.0,1.9810565443533574,5.2124750941496005
469.0,1.980954114393061,5.213439309834477
470.0,1.9808521197275486,5.214402405299859
471.0,1.980750558517457,5.215364384357032
472.0,1.980649428933428,5.216325250797392
473.0,1.9805487291560373,5.217285008392585
474.0,1.9804484573757228,5.218243660894639
475.0,1.9803486117927154,5.219201212036104
476.0,1.9802491906169688,5.2201576655301825
477.0,1.9801501920680904,5.221113025070861
478.0,1.9800516143752733,5.222067294333043
479.0,1.9799534557772283,5.223020476972681
480.0,1.9798557145221167,5.223972576626901
481.0,1.9797583888674837,5.2249235969141345
482.0,1.9796614770801926,5.225873541434244
483.0,1.9795649774363588,5.226822413768648
484.0,1.9794688882212859,5.227770217480448
485.0,1.9793732077294,5.228716956114551
486.0,1.9792779342641875,5.22966263319779
487.0,1.9791830661381307,5.230607252239048
488.0,1.9790886016726459,5.231550816729382
489.0,1.9789945391980206,5.232493330142136
490.0,1.978900877053353,5.233434795933061
491.0,1.9788076135864896,5.234375217540437
492.0,1.978714747153966,5.235314598385187
493.0,1.9786222761209455,5.23625294187099
494.0,1.9785301988611617,5.237190251384401
495.0,1.978438513756857,5.238126530294959
496.0,1.9783472191987261,5.239061781955305
497.0,1.9782563135858573,5.239996009701291
498.0,1.9781657953256748,5.2409292168520905
499.0,1.978075662833882,5.241861406710311
500.0,1.9779859145344054,5.2427925825621005
501.0,1.9778965488593379,5.243722747677257
502.0,1.9778075642488833,5.244651905309336
503.0,1.9777189591513018,5.245580058695757
504.0,1.977630732022855,5.246507211057907
505.0,1.9775428813277518,5.247433365601251
506.0,1.9774554055380946,5.2483585255154255
507.0,1.9773683031338263,5.249282693974353
508.0,1.9772815726026773,5.250205874136336
509.0,1.977195212440113,5.251128069144163
510.0,1.9771092211492827,5.252049282125206
511.0,1.9770235972409669,5.252969516191523
512.0,1.976938339233527,5.253888774439952
513.0,1.9768534456528546,5.254807059952217
514.0,1.9767689150323213,5.255724375795018
515.0,1.9766847459127288,5.256640725020131
516.0,1.9766009368422592,5.257556110664503
517.0,1.9765174863764268,5.258470535750346
518.0,1.9764343930780288,5.259384003285235
519.0,1.9763516555170975,5.260296516262195
520.0,1.9762692722708524,5.2612080776598
521.0,1.9761872419236528,5.2621186904422625
522.0,1.976105563066951,5.263028357559523
523.0,1.9760242342992456,5.2639370819473426
524.0,1.975943254226035,5.264844866527393
525.0,1.9758626214597717,5.265751714207346
526.0,1.975782334619817,5.266657627880958
527.0,1.9757023923323958,5.267562610428164
528.0,1.9756227932305517,5.268466664715159
529.0,1.975543535954103,5.269369793594485
530.0,1.975464619149598,5.270271999905123
531.0,1.975386041470272,5.271173286472568
532.0,1.9753078015760037,5.2720736561089225
533.0,1.975229898133272,5.2729731116129726
534.0,1.9751523298151141,5.273871655770276
535.0,1.9750750953010825,5.274769291353244
536.0,1.974998193277203,5.27566602112122
537.0,1.9749216224359338,5.276561847820563
538.0,1.9748453814761238,5.27745677418473
539.0,1.9747694691029714,5.278350802934349
540.0,1.9746938840279842,5.279243936777306
541.0,1.974618624968939,5.280136178408819
542.0,1.9745436906498413,5.281027530511518
543.0,1.9744690798008855,5.281917995755522
544.0,1.9743947911584163,5.282807576798512
545.0,1.9743208234648892,5.2836962762858155
546.0,1.9742471754688315,5.284584096850473
547.0,1.9741738459248044,5.28547104111332
548.0,1.9741008335933645,5.286357111683058
549.0,1.9740281372410267,5.287242311156328
550.0,1.9739557556402252,5.288126642117787
551.0,1.9738836875692778,5.289010107140176
552.0,1.9738119318123484,5.289892708784397
553.0,1.97374048715941,5.290774449599583
554.0,1.9736693524062086,5.291655332123168
555.0,1.9735985263542273,5.292535358880956
556.0,1.97352800781065,5.293414532387198
557.0,1.973457795588327,5.294292855144653
558.0,1.973387888505738,5.295170329644665
559.0,1.9733182853869589,5.296046958367223
560.0,1.9732489850616255,5.296922743781037
561.0,1.9731799863649002,5.2977976883436
562.0,1.9731112881374375,5.298671794501257
563.0,1.97304288922535,5.299545064689274
564.0,1.9729747884801745,5.300417501331896
565.0,1.9729069847588392,5.301289106842424
566.0,1.9728394769236302,5.30215988362327
567.0,1.9727722638421585,5.3030298340660265
568.0,1.9727053443873277,5.303898960551529
569.0,1.9726387174373012,5.304767265449921
570.0,1.9725723818754703,5.3056347511207145
571.0,1.9725063365904225,5.3065014199128555
572.0,1.9724405804759095,5.307367274164785
573.0,1.9723751124308158,5.3082323162045
574.0,1.9723099313591277,5.309096548349615
575.0,1.9722450361699022,5.309959972907424
576.0,1.9721804257772366,5.31082259217496
577.0,1.9721160991002376,5.311684408439053
578.0,1.9720520550629912,5.3125454239763945
579.0,1.971988292594533,5.313405641053592
580.0,1.9719248106288176,5.3142650619272285
581.0,1.97186160810469,5.315123688843923
582.0,1.9717986839658557,5.315981524040385
583.0,1.9717360371608514,5.316838569743474
584.0,1.9716736666430166,5.317694828170256
585.0,1.9716115713704645,5.31855030152806
586.0,1.9715497503060535,5.319404992014535
587.0,1.9714882024173592,5.320258901817702
588.0,1.9714269266766462,5.321112033116016
589.0,1.97136592206084,5.321964388078413
590.0,1.9713051875514997,5.322815968864372
591.0,1.9712447221347906,5.323666777623963
592.0,1.9711845248014563,5.324516816497904
593.0,1.9711245945467923,5.325366087617616
594.0,1.9710649303706191,5.326214593105272
595.0,1.9710055312772552,5.32706233507385
596.0,1.9709463962754907,5.32790931562719
597.0,1.9708875243785615,5.32875553686004
598.0,1.9708289146041225,5.329601000858111
599.0,1.9707705659742223,5.330445709698127
600.0,1.9707124775152773,5.331289665447875
601.0,1.970654648258046,5.332132870166258
602.0,1.9705970772376042,5.332975325903342
603.0,1.970539763493319,5.333817034700407
604.0,1.9704827060688248,5.334657998589998
605.0,1.9704259040119976,5.335498219595971
606.0,1.9703693563749314,5.336337699733544
607.0,1.9703130622139127,5.337176441009344
608.0,1.9702570205893972,5.338014445421455
609.0,1.9702012305659853,5.338851714959467
610.0,1.9701456912123978,5.339688251604521
611.0,1.9700904016014529,5.340524057329359
612.0,1.9700353608100423,5.3413591340983695
613.0,1.9699805679191076,5.342193483867631
614.0,1.9699260220136177,5.3430271085849625
615.0,1.9698717221825448,5.343860010189966
616.0,1.9698176675188426,5.344692190614072
617.0,1.9697638571194225,5.3455236517805895
618.0,1.9697102900851318,5.3463543956047435
619.0,1.9696569655207308,5.347184423993723
620.0,1.9696038825348712,5.348013738846727
621.0,1.969551040240073,5.348842342055003
622.0,1.9694984377527036,5.349670235501898
623.0,1.9694460741929551,5.350497421062894
624.0,1.9693939486848233,5.351323900605656
625.0,1.9693420603560863,5.352149675990073
626.0,1.9692904083382823,5.352974749068301
627.0,1.9692389917666893,5.353799121684805
628.0,1.9691878097803037,5.354622795676399
629.0,1.9691368615218197,5.355445772872291
630.0,1.969086146137608,5.35626805509412
631.0,1.9690356627776957,5.357089644156001
632.0,1.9689854105957458,5.357910541864562
633.0,1.9689353887490366,5.358730750018988
634.0,1.9688855963984415,5.359550270411058
635.0,1.9688360327084098,5.360369104825187
636.0,1.9687866968469454,5.361187255038465
637.0,1.9687375879855884,5.3620047228206955
638.0,1.9686887052993949,5.362821509934435
639.0,1.968640047966917,5.363637618135034
640.0,1.9685916151701846,5.3644530491706695
641.0,1.9685434060946847,5.365267804782392
642.0,1.9684954199293443,5.366081886704156
643.0,1.9684476558665094,5.36689529666286
644.0,1.9684001131019275,5.367708036378387
645.0,1.9683527908347285,5.368520107563637
646.0,1.9683056882674057,5.369331511924568
647.0,1.9682588046057983,5.370142251160232
648.0,1.9682121390590723,5.370952326962808
649.0,1.968165690839703,5.371761741017643
650.0,1.9681194591634557,5.372570495003286
651.0,1.9680734432493692,5.373378590591524
652.0,1.9680276423197371,5.374186029447416
653.0,1.9679820556000904,5.374992813229332
654.0,1.9679366823191797,5.375798943588984
655.0,1.9678915217089583,5.376604422171465
656.0,1.9678465730045638,5.37740925061528
657.0,1.967801835444302,5.378213430552381
658.0,1.9677573082696294,5.379016963608205
659.0,1.9677129907251354,5.379819851401702
660.0,1.9676688820585266,5.380622095545376
661.0,1.9676249815206095,5.381423697645309
662.0,1.9675812883652737,5.382224659301205
663.0,1.9675378018494758,5.383024982106414
664.0,1.9674945212332224,5.383824667647971
665.0,1.9674514457795542,5.384623717506627
666.0,1.9674085747545293,5.385422133256878
667.0,1.967365907427208,5.386219916467002
668.0,1.9673234430696356,5.387017068699091
669.0,1.9672811809568274,5.387813591509079
670.0,1.9672391203667525,5.388609486446774
671.0,1.9671972605803185,5.389404755055896
672.0,1.967155600881355,5.3901993988741
673.0,1.9671141405565995,5.390993419433011
674.0,1.9670728788956804,5.391786818258255
675.0,1.967031815191103,5.392579596869488
676.0,1.9669909487382342,5.393371756780428
677.0,1.9669502788352866,5.394163299498885
678.0,1.9669098047833042,5.3949542265267905
679.0,1.9668695258861473,5.395744539360228
680.0,1.9668294414504774,5.396534239489461
681.0,1.9667895507857436,5.397323328398965
682.0,1.9667498532041665,5.398111807567456
683.0,1.9667103480207249,5.398899678467917
684.0,1.9666710345531406,5.399686942567631
685.0,1.9666319121218647,5.400473601328208
686.0,1.966592980050063,5.401259656205614
687.0,1.9665542376636018,5.402045108650197
688.0,1.966515684291034,5.402829960106717
689.0,1.9664773192635856,5.403614212014377
690.0,1.9664391419151408,5.404397865806845
691.0,1.9664011515822293,5.405180922912287
692.0,1.9663633476040119,5.40596338475339
693.0,1.9663257293222673,5.406745252747394
694.0,1.9662882960813786,5.407526528306114
695.0,1.9662510472283192,5.4083072128359735
696.0,1.9662139821126408,5.409087307738024
697.0,1.9661771000864585,5.409866814407977
698.0,1.9661404005044392,5.410645734236228
699.0,1.9661038827237873,5.411424068607885
700.0,1.9660675461042325,5.412201818902791
701.0,1.9660313900080164,5.412978986495556
702.0,1.9659954137998803,5.4137555727555755
703.0,1.9659596168470514,5.414531579047061
704.0,1.9659239985192312,5.415307006729066
705.0,1.965888558188582,5.416081857155507
706.0,1.9658532952297154,5.4168561316751935
707.0,1.965818209019679,5.417629831631852
708.0,1.9657832989379442,5.418402958364148
709.0,1.9657485643663943,5.4191755132057144
710.0,1.965714004689312,5.419947497485173
711.0,1.9656796192933677,5.42071891252616
712.0,1.9656454075676064,5.421489759647354
713.0,1.965611368903437,5.422260040162495
714.0,1.9655775026946194,5.423029755380409
715.0,1.9655438083372536,5.423798906605037
716.0,1.9655102852297675,5.424567495135451
717.0,1.9654769327729045,5.425335522265883
718.0,1.9654437503697133,5.426102989285748
719.0,1.9654107374255352,5.426869897479666
720.0,1.9653778933479935,5.4276362481274845
721.0,1.9653452175469812,5.428402042504304
722.0,1.9653127094346508,5.429167281880499
723.0,1.965280368425402,5.429931967521741
724.0,1.9652481939358712,5.43069610068902
725.0,1.9652161853849202,5.43145968263867
726.0,1.9651843421936246,5.43222271462239
727.0,1.965152663785264,5.432985197887264
728.0,1.9651211495853105,5.433747133675786
729.0,1.965089799021417,5.434508523225881
730.0,1.9650586115234079,5.4352693677709265
731.0,1.9650275865232676,5.436029668539773
732.0,1.96499672345513,5.436789426756769
733.0,1.9649660217552678,5.437548643641779
734.0,1.964935480862082,5.438307320410205
735.0,1.964905100216092,5.439065458273013
736.0,1.9648748792599244,5.439823058436745
737.0,1.964844817438303,5.440580122103547
738.0,1.964814914198039,5.441336650471188
739.0,1.96478516898802,5.442092644733079
740.0,1.9647555812592004,5.442848106078296
741.0,1.964726150464591,5.443603035691598
742.0,1.9646968760592496,5.4443574347534485
743.0,1.9646677575002705,5.445111304440037
744.0,1.9646387942467745,5.445864645923298
745.0,1.9646099857598995,5.44661746037093
746.0,1.9645813315027905,5.447369748946414
747.0,1.96455283094059,5.448121512809039
748.0,1.964524483540428,5.448872753113917
749.0,1.964496288771413,5.449623471012001
750.0,1.964468246104622,5.450373667650109
751.0,1.964440355013091,5.4511233441709415
752.0,1.9644126149718062,5.4518725017130985
753.0,1.9643850254576936,5.452621141411102
754.0,1.9643575859496105,5.453369264395413
755.0,1.964330295928336,5.454116871792448
756.0,1.9643031548765617,5.454863964724605
757.0,1.9642761622788827,5.4556105443102725
758.0,1.9642493176217883,5.456356611663857
759.0,1.9642226203936533,5.457102167895794
760.0,1.9641960700847285,5.457847214112572
761.0,1.9641696661871324,5.458591751416748
762.0,1.964143408194842,5.459335780906963
763.0,1.9641172956036836,5.4600793036779685
764.0,1.9640913279113248,5.460822320820633
765.0,1.964065504617265,5.461564833421968
766.0,1.9640398252228275,5.462306842565144
767.0,1.9640142892311498,5.4630483493295054
768.0,1.9639888961471765,5.463789354790591
769.0,1.9639636454776495,5.46452986002015
770.0,1.9639385367311,5.465269866086159
771.0,1.9639135694178402,5.466009374052841
772.0,1.9638887430499548,5.466748384980678
773.0,1.9638640571412924,5.467486899926436
774.0,1.963839511207458,5.468224919943171
775.0,1.963815104765804,5.468962446080257
776.0,1.9637908373354218,5.469699479383395
777.0,1.963766708437135,5.470436020894632
778.0,1.9637427175934903,5.471172071652378
779.0,1.9637188643287489,5.4719076326914236
780.0,1.96369514816888,5.472642705042951
781.0,1.963671568641552,5.4733772897345565
782.0,1.9636481252761244,5.4741113877902645
783.0,1.9636248176036404,5.474845000230541
784.0,1.9636016451568188,5.475578128072314
785.0,1.9635786074700463,5.476310772328985
786.0,1.9635557040793703,5.477042934010449
787.0,1.9635329345224903,5.477774614123106
788.0,1.963510298338751,5.47850581366988
789.0,1.963487795069134,5.479236533650232
790.0,1.9634654242562513,5.479966775060177
791.0,1.9634431854443366,5.4806965388923
792.0,1.963421078179239,5.4814258261357685
793.0,1.9633991020084147,5.48215463777635
794.0,1.96337725648092,5.482882974796428
795.0,1.9633555411474037,5.483610838175012
796.0,1.9633339555601004,5.48433822888776
797.0,1.9633124992728226,5.485065147906986
798.0,1.9632911718409538,5.48579159620168
799.0,1.9632699728214413,5.486517574737519
800.0,1.9632489017727892,5.4872430844768845
801.0,1.963227958255051,5.487968126378876
802.0,1.9632071418298225,5.488692701399325
803.0,1.9631864520602356,5.489416810490808
804.0,1.9631658885109504,5.490140454602665
805.0,1.963145450748149,5.49086363468101
806.0,1.9631251383395274,5.4915863516687455
807.0,1.9631049508542902,5.492308606505579
808.0,1.9630848878631428,5.493030400128032
809.0,1.9630649489382852,5.493751733469461
810.0,1.9630451336534045,5.494472607460065
811.0,1.963025441583669,5.4951930230269035
812.0,1.963005872305721,5.495912981093906
813.0,1.9629864253976705,5.496632482581891
814.0,1.9629671004390885,5.497351528408573
815.0,1.9629478970110001,5.498070119488583
816.0,1.962928814695879,5.498788256733476
817.0,1.9629098530776394,5.499505941051747
818.0,1.9628910117416314,5.500223173348845
819.0,1.9628722902746332,5.500939954527183
820.0,1.9628536882648453,5.501656285486157
821.0,1.962835205301884,5.502372167122151
822.0,1.9628168409767754,5.503087600328556
823.0,1.9627985948819489,5.50380258599578
824.0,1.9627804666112307,5.504517125011264
825.0,1.9627624557598382,5.505231218259492
826.0,1.9627445619243733,5.505944866622001
827.0,1.9627267847028165,5.506658070977402
828.0,1.9627091236945209,5.507370832201382
829.0,1.962691578500206,5.508083151166727
830.0,1.9626741487219515,5.508795028743326
831.0,1.9626568339631918,5.509506465798188
832.0,1.9626396338287098,5.510217463195452
833.0,1.9626225479246304,5.5109280217964
834.0,1.9626055758584156,5.511638142459471
835.0,1.9625887172388579,5.512347826040271
836.0,1.9625719716760746,5.513057073391583
837.0,1.9625553387815025,5.513765885363385
838.0,1.9625388181678913,5.514474262802854
839.0,1.9625224094492986,5.515182206554386
840.0,1.9625061122410836,5.515889717459602
841.0,1.962489926159902,5.516596796357362
842.0,1.9624738508236999,5.517303444083775
843.0,1.9624578858517079,5.518009661472214
844.0,1.9624420308644368,5.518715449353323
845.0,1.9624262854836705,5.519420808555032
846.0,1.9624106493324613,5.520125739902568
847.0,1.9623951220351246,5.520830244218463
848.0,1.9623797032172325,5.521534322322571
849.0,1.9623643925056096,5.522237975032073
850.0,1.9623491895283265,5.522941203161494
851.0,1.962334093914695,5.52364400752271
852.0,1.9623191052952622,5.524346388924958
853.0,1.9623042233018064,5.525048348174854
854.0,1.9622894475673305,5.5257498860763965
855.0,1.962274777726057,5.52645100343098
856.0,1.9622602134134235,5.527151701037407
857.0,1.9622457542660765,5.5278519796918975
858.0,1.962231399921867,5.5285518401881
859.0,1.9622171500198449,5.529251283317102
860.0,1.9622030042002538,5.5299503098674405
861.0,1.9621889621045268,5.530648920625113
862.0,1.9621750233752797,5.531347116373589
863.0,1.9621611876563079,5.532044897893818
864.0,1.9621474545925797,5.532742265964241
865.0,1.9621338238302326,5.5334392213608
866.0,1.9621202950165677,5.534135764856953
867.0,1.9621068678000446,5.534831897223675
868.0,1.962093541830277,5.535527619229479
869.0,1.9620803167580272,5.536222931640418
870.0,1.962067192235202,5.536917835220097
871.0,1.962054167914847,5.537612330729687
872.0,1.9620412434511427,5.538306418927929
873.0,1.9620284184993988,5.5390001005711476
874.0,1.96201569271605,5.539693376413259
875.0,1.9620030657586511,5.5403862472057845
876.0,1.9619905372858728,5.541078713697855
877.0,1.9619781069574957,5.541770776636225
878.0,1.961965774434407,5.54246243676528
879.0,1.9619535393785952,5.543153694827048
880.0,1.9619414014531456,5.543844551561204
881.0,1.9619293603222354,5.544535007705087
882.0,1.96191741565113,5.545225063993705
883.0,1.9619055671061776,5.545914721159744
884.0,1.9618938143548048,5.54660397993358
885.0,1.9618821570655127,5.547292841043286
886.0,1.9618705949078716,5.547981305214644
887.0,1.961859127552517,5.548669373171149
888.0,1.9618477546711452,5.549357045634026
889.0,1.961836475936509,5.550044323322231
890.0,1.9618252910224128,5.550731206952466
891.0,1.9618141996037084,5.551417697239185
892.0,1.9618032013562914,5.552103794894606
893.0,1.961792295957096,5.552789500628715
894.0,1.9617814830840907,5.55347481514928
895.0,1.9617707624162748,5.554159739161857
896.0,1.9617601336336736,5.5548442733698
897.0,1.9617495964173342,5.555528418474268
898.0,1.961739150449321,5.556212175174238
899.0,1.9617287954127123,5.556895544166508
900.0,1.9617185309915954,5.5575785261457105
901.0,1.9617083568710632,5.558261121804317
902.0,1.9616982727372092,5.55894333183265
903.0,1.9616882782771239,5.559625156918892
904.0,1.9616783731788905,5.560306597749088
905.0,1.9616685571315813,5.560987655007162
906.0,1.9616588298252533,5.56166832937492
907.0,1.961649190950944,5.56234862153206
908.0,1.9616396402006675,5.56302853215618
909.0,1.9616301772674112,5.563708061922787
910.0,1.9616208018451309,5.564387211505305
911.0,1.961611513628747,5.565065981575082
912.0,1.9616023123141415,5.565744372801401
913.0,1.9615931975981529,5.566422385851484
914.0,1.9615841691785727,5.567100021390505
915.0,1.9615752267541422,5.567777280081594
916.0,1.9615663700245478,5.568454162585844
917.0,1.9615575986904175,5.569130669562327
918.0,1.9615489124533172,5.569806801668091
919.0,1.961540311015747,5.570482559558176
920.0,1.9615317940811368,5.571157943885619
921.0,1.9615233613538434,5.571832955301461
922.0,1.9615150125391465,5.5725075944547555
923.0,1.9615067473432444,5.573181861992577
924.0,1.961498565473251,5.573855758560028
925.0,1.9614904666371924,5.5745292848002475
926.0,1.9614824505440018,5.575202441354416
927.0,1.9614745169035177,5.575875228861767
928.0,1.9614666654264787,5.576547647959591
929.0,1.9614588958245212,5.577219699283245
930.0,1.9614512078101747,5.57789138346616
931.0,1.9614436010968592,5.578562701139848
932.0,1.961436075398881,5.579233652933909
933.0,1.9614286304314295,5.579904239476039
934.0,1.961421265910573,5.580574461392036
935.0,1.9614139815532565,5.58124431930581
936.0,1.9614067770772974,5.581913813839388
937.0,1.9613996522013815,5.582582945612921
938.0,1.9613926066450609,5.583251715244693
939.0,1.9613856401287495,5.583920123351129
940.0,1.96137875237372,5.584588170546797
941.0,1.9613719431021006,5.58525585744442
942.0,1.961365212036871,5.585923184654883
943.0,1.96135855890186,5.5865901527872355
944.0,1.9613519834217417,5.587256762448704
945.0,1.9613454853220316,5.587923014244697
946.0,1.9613390643290844,5.588588908778808
947.0,1.9613327201700899,5.589254446652831
948.0,1.9613264525730698,5.589919628466757
949.0,1.961320261266875,5.59058445481879
950.0,1.9613141459811814,5.591248926305348
951.0,1.9613081064464877,5.591913043521072
952.0,1.9613021423941113,5.592576807058832
953.0,1.9612962535561855,5.593240217509736
954.0,1.9612904396656567,5.593903275463132
955.0,1.9612847004562808,5.594565981506619
956.0,1.9612790356626193,5.595228336226052
957.0,1.9612734450200378,5.595890340205547
958.0,1.9612679282647016,5.596551994027491
959.0,1.9612624851335734,5.597213298272547
960.0,1.961257115364409,5.597874253519659
961.0,1.9612518186957557,5.598534860346058
962.0,1.9612465948669484,5.599195119327274
963.0,1.9612414436181067,5.599855031037136
964.0,1.9612363646901319,5.6005145960477805
965.0,1.9612313578247036,5.601173814929659
966.0,1.9612264227642777,5.601832688251543
967.0,1.961221559252082,5.602491216580531
968.0,1.9612167670321148,5.603149400482054
969.0,1.9612120458491402,5.603807240519884
970.0,1.9612073954486868,5.604464737256135
971.0,1.9612028155770436,5.605121891251277
972.0,1.9611983059812574,5.605778703064133
973.0,1.9611938664091304,5.606435173251893
974.0,1.9611894966092167,5.607091302370117
975.0,1.9611851963308193,5.6077470909727385
976.0,1.9611809653239882,5.608402539612075
977.0,1.9611768033395163,5.6090576488388315
978.0,1.9611727101289373,5.609712419202106
979.0,1.961168685444523,5.610366851249398
980.0,1.9611647290392795,5.611020945526612
981.0,1.961160840666946,5.611674702578063
982.0,1.9611570200819906,5.612328122946486
983.0,1.961153267039608,5.612981207173037
984.0,1.9611495812957167,5.613633955797304
985.0,1.961145962606957,5.6142863693573055
986.0,1.9611424107306867,5.6149384483895055
987.0,1.96113892542498,5.615590193428811
988.0,1.9611355064486238,5.616241605008583
989.0,1.961132153561115,5.61689268366064
990.0,1.9611288665226583,5.617543429915264
991.0,1.9611256450941634,5.618193844301205
992.0,1.961122489037242,5.618843927345688
993.0,1.9611193981142057,5.619493679574421
994.0,1.9611163720880629,5.6201431015115935
995.0,1.961113410722516,5.62079219367989
996.0,1.96111051378196,5.621440956600489
997.0,1.9611076810314783,5.622089390793073
998.0,1.961104912236841,5.622737496775833
999.0,1.9611022071645021,5.62338527506547
1000.0,1.9610995655815973,5.624032726177207
1001.0,1.961096987255941,5.62467985062479
1002.0,1.9610944719560237,5.625326648920492
1003.0,1.96109201945101,5.625973121575124
1004.0,1.9610896295107356,5.626619269098036
1005.0,1.9610873019057051,5.627265091997121
1006.0,1.9610850364070893,5.627910590778826
1007.0,1.9610828327867227,5.628555765948151
1008.0,1.9610806908171012,5.629200618008658
1009.0,1.9610786102713795,5.629845147462475
1010.0,1.961076590923369,5.6304893548103
1011.0,1.9610746325475348,5.631133240551411
1012.0,1.9610727349189936,5.631776805183663
1013.0,1.9610708978135112,5.6324200492035015
1014.0,1.9610691210075002,5.633062973105961
1015.0,1.9610674042780176,5.633705577384674
1016.0,1.9610657474027624,5.634347862531875
1017.0,1.961064150160073,5.634989829038405
1018.0,1.9610626123289252,5.635631477393716
1019.0,1.9610611336889296,5.636272808085876
1020.0,1.9610597140203294,5.636913821601579
1021.0,1.961058353103998,5.63755451842614
1022.0,1.9610570507214369,5.638194899043509
1023.0,1.9610558066547727,5.638834963936272
1024.0,1.9610546206867558,5.639474713585655
1025.0,1.9610534926007575,5.640114148471531
1026.0,1.9610524221807675,5.640753269072422
1027.0,1.9610514092113924,5.641392075865509
1028.0,1.961050453477853,5.642030569326631
1029.0,1.9610495547659819,5.6426687499302925
1030.0,1.9610487128622214,5.643306618149668
1031.0,1.9610479275536215,5.643944174456607
1032.0,1.9610471986278373,5.644581419321637
1033.0,1.961046525873127,5.645218353213971
1034.0,1.9610459090783503,5.64585497660151
1035.0,1.9610453480329648,5.6464912899508475
1036.0,1.961044842527025,5.6471272937272765
1037.0,1.9610443923511798,5.64776298839479
1038.0,1.9610439972966702,5.64839837441609
1039.0,1.9610436571553274,5.649033452252589
1040.0,1.9610433717195705,5.649668222364417
1041.0,1.9610431407824045,5.650302685210421
1042.0,1.9610429641374179,5.650936841248177
1043.0,1.9610428415787808,5.651570690933987
1044.0,1.9610427729012432,5.65220423472289
1045.0,1.961042757900132,5.652837473068662
1046.0,1.9610427963713497,5.653470406423822
1047.0,1.961042888111372,5.654103035239635
1048.0,1.9610430329172455,5.65473535996612
1049.0,1.9610432305865864,5.655367381052048
1050.0,1.9610434809175776,5.655999098944953
1051.0,1.9610437837089676,5.656630514091135
1052.0,1.9610441387600672,5.657261626935658
1053.0,1.9610445458707488,5.6578924379223645
1054.0,1.9610450048414436,5.65852294749387
1055.0,1.9610455154731397,5.659153156091573
1056.0,1.9610460775673801,5.6597830641556595
1057.0,1.9610466909262616,5.660412672125103
1058.0,1.961047355352431,5.661041980437673
1059.0,1.9610480706490852,5.661670989529936
1060.0,1.9610488366199674,5.662299699837263
1061.0,1.9610496530693666,5.662928111793828
1062.0,1.9610505198021146,5.66355622583262
1063.0,1.961051436623585,5.664184042385441
1064.0,1.9610524033396903,5.66481156188291
1065.0,1.961053419756881,5.665438784754473
1066.0,1.9610544856821428,5.666065711428399
1067.0,1.9610556009229956,5.666692342331792
1068.0,1.9610567652874904,5.667318677890586
1069.0,1.9610579785842086,5.66794471852956
1070.0,1.9610592406222596,5.668570464672332
1071.0,1.9610605512112789,5.669195916741368
1072.0,1.9610619101614264,5.669821075157986
1073.0,1.9610633172833847,5.670445940342358
1074.0,1.9610647723883565,5.671070512713514
1075.0,1.9610662752880639,5.671694792689348
1076.0,1.9610678257947456,5.672318780686621
1077.0,1.9610694237211557,5.672942477120962
1078.0,1.9610710688805615,5.673565882406877
1079.0,1.961072761086742,5.674188996957748
1080.0,1.961074500153986,5.674811821185841
1081.0,1.9610762858970903,5.675434355502306
1082.0,1.961078118131358,5.676056600317183
1083.0,1.961079996672596,5.676678556039405
1084.0,1.961081921337115,5.677300223076803
1085.0,1.9610838919417257,5.677921601836108
1086.0,1.9610859083037384,5.678542692722955
1087.0,1.961087970240961,5.679163496141888
1088.0,1.9610900775716966,5.679784012496364
1089.0,1.9610922301147429,5.680404242188752
1090.0,1.9610944276893894,5.681024185620344
1091.0,1.9610966701154162,5.6816438431913525
1092.0,1.9610989572130926,5.682263215300917
1093.0,1.961101288803175,5.682882302347108
1094.0,1.9611036647069047,5.683501104726927
1095.0,1.9611060847460078,5.684119622836317
1096.0,1.9611085487426916,5.684737857070157
1097.0,1.9611110565196446,5.685355807822274
1098.0,1.9611136079000335,5.685973475485442
1099.0,1.9611162027075024,5.6865908604513855
1100.0,1.961118840766171,5.687207963110785
1101.0,1.9611215219006328,5.687824783853278
1102.0,1.9611242459359537,5.688441323067466
1103.0,1.9611270126976699,5.689057581140915
1104.0,1.9611298220117865,5.689673558460158
1105.0,1.9611326737047765,5.690289255410703
1106.0,1.9611355676035784,5.690904672377033
1107.0,1.9611385035355948,5.6915198097426085
1108.0,1.961141481328691,5.692134667889873
1109.0,1.9611445008111932,5.6927492472002585
1110.0,1.9611475618118872,5.693363548054183
1111.0,1.9611506641600165,5.693977570831058
1112.0,1.961153807685281,5.6945913159092925
1113.0,1.9611569922178356,5.695204783666292
1114.0,1.9611602175882878,5.695817974478467
1115.0,1.9611634836276972,5.696430888721232
1116.0,1.9611667901675733,5.697043526769012
1117.0,1.9611701370398744,5.697655888995244
1118.0,1.9611735240770054,5.698267975772381
1119.0,1.9611769511118173,5.698879787471894
1120.0,1.961180417977605,5.699491324464276
1121.0,1.961183924508105,5.700102587119048
1122.0,1.9611874705374965,5.700713575804756
1123.0,1.9611910559003969,5.701324290888981
1124.0,1.961194680431862,5.701934732738336
1125.0,1.9611983439673843,5.702544901718475
1126.0,1.9612020463428914,5.70315479819409
1127.0,1.9612057873947442,5.70376442252892
1128.0,1.9612095669597358,5.7043737750857515
1129.0,1.9612133848750906,5.70498285622642
1130.0,1.9612172409784614,5.7055916663118165
1131.0,1.9612211351079292,5.7062002057018875
1132.0,1.9612250671020013,5.706808474755641
1133.0,1.9612290367996101,5.707416473831145
1134.0,1.9612330440401113,5.708024203285538
1135.0,1.9612370886632828,5.708631663475024
1136.0,1.961241170509323,5.70923885475488
1137.0,1.9612452894188495,5.709845777479459
1138.0,1.961249445232898,5.710452432002191
1139.0,1.9612536377929204,5.71105881867559
1140.0,1.961257866940784,5.71166493785125
1141.0,1.9612621325187698,5.712270789879854
1142.0,1.9612664343695705,5.7128763751111755
1143.0,1.96127077233629,5.713481693894081
1144.0,1.9612751462624423,5.714086746576531
1145.0,1.9612795559919485,5.714691533505588
1146.0,1.9612840013691375,5.715296055027415
1147.0,1.9612884822387433,5.715900311487278
1148.0,1.961292998445904,5.716504303229553
1149.0,1.9612975498361604,5.717108030597725
1150.0,1.961302136255455,5.7177114939343925
1151.0,1.9613067575501304,5.718314693581271
1152.0,1.9613114135669276,5.718917629879194
1153.0,1.9613161041529856,5.719520303168118
1154.0,1.9613208291558393,5.720122713787123
1155.0,1.9613255884234182,5.720724862074415
1156.0,1.961330381804046,5.721326748367335
1157.0,1.9613352091464378,5.721928373002352
1158.0,1.9613400702997004,5.722529736315074
1159.0,1.96134496511333,5.7231308386402455
1160.0,1.961349893437211,5.723731680311755
1161.0,1.961354855121615,5.724332261662633
1162.0,1.9613598500171996,5.7249325830250575
1163.0,1.961364877975007,5.725532644730355
1164.0,1.9613699388464623,5.726132447109006
1165.0,1.961375032483373,5.726731990490644
1166.0,1.9613801587379271,5.7273312752040635
1167.0,1.9613853174626927,5.727930301577215
1168.0,1.9613905085106156,5.728529069937215
1169.0,1.9613957317350188,5.729127580610345
1170.0,1.9614009869896012,5.729725833922053
1171.0,1.9614062741284366,5.730323830196962
1172.0,1.9614115930059717,5.7309215697588645
1173.0,1.9614169434770254,5.731519052930731
1174.0,1.9614223253967882,5.732116280034711
1175.0,1.9614277386208194,5.732713251392135
1176.0,1.9614331830050475,5.733309967323517
1177.0,1.9614386584057681,5.733906428148558
1178.0,1.9614441646796432,5.734502634186148
1179.0,1.9614497016836994,5.735098585754369
1180.0,1.961455269275327,5.735694283170498
1181.0,1.9614608673122795,5.736289726751007
1182.0,1.9614664956526713,5.736884916811569
1183.0,1.961472154154977,5.737479853667057
1184.0,1.961477842678031,5.738074537631549
1185.0,1.9614835610810248,5.738668969018331
1186.0,1.9614893092235068,5.739263148139897
1187.0,1.9614950869653816,5.739857075307953
1188.0,1.9615008941669074,5.740450750833421
1189.0,1.9615067306886966,5.741044175026437
1190.0,1.9615125963917133,5.741637348196358
1191.0,1.9615184911372725,5.742230270651761
1192.0,1.9615244147870394,5.742822942700448
1193.0,1.9615303672030282,5.743415364649448
1194.0,1.9615363482476005,5.744007536805019
1195.0,1.9615423577834643,5.744599459472649
1196.0,1.9615483956736737,5.7451911329570615
1197.0,1.9615544617816263,5.745782557562214
1198.0,1.9615605559710636,5.746373733591304
1199.0,1.9615666781060688,5.746964661346769
1200.0,1.9615728280510665,5.747555341130289
1201.0,1.961579005670821,5.748145773242791
1202.0,1.9615852108304361,5.74873595798445
1203.0,1.9615914433953523,5.74932589565469
1204.0,1.9615977032313476,5.749915586552188
1205.0,1.9616039902045357,5.7505050309748755
1206.0,1.9616103041813644,5.751094229219943
1207.0,1.9616166450286152,5.751683181583838
1208.0,1.9616230126134022,5.752271888362269
1209.0,1.9616294068031708,5.752860349850214
1210.0,1.9616358274656969,5.75344856634191
1211.0,1.9616422744690853,5.754036538130868
1212.0,1.9616487476817694,5.754624265509867
1213.0,1.9616552469725097,5.75521174877096
1214.0,1.9616617722103928,5.755798988205475
1215.0,1.9616683232648306,5.756385984104018
1216.0,1.961674900005559,5.756972736756474
1217.0,1.961681502302637,5.7575592464520104
1218.0,1.9616881300264457,5.758145513479079
1219.0,1.9616947830476872,5.758731538125416
1220.0,1.9617014612373838,5.759317320678051
1221.0,1.9617081644668768,5.759902861423297
1222.0,1.9617148926078252,5.7604881606467675
1223.0,1.9617216455322055,5.761073218633365
1224.0,1.96172842311231,5.761658035667293
1225.0,1.961735225220746,5.762242612032052
1226.0,1.961742051730435,5.762826948010446
1227.0,1.961748902514611,5.76341104388458
1228.0,1.9617557774468213,5.7639948999358674
1229.0,1.961762676400923,5.764578516445027
1230.0,1.9617695992510842,5.765161893692091
1231.0,1.9617765458717817,5.7657450319564
1232.0,1.9617835161378008,5.766327931516611
1233.0,1.9617905099242336,5.766910592650695
1234.0,1.9617975271064791,5.767493015635944
1235.0,1.9618045675602411,5.768075200748969
1236.0,1.961811631161528,5.768657148265704
1237.0,1.9618187177866513,5.769238858461406
1238.0,1.9618258273122255,5.769820331610659
1239.0,1.9618329596151665,5.770401567987378
1240.0,1.9618401145726903,5.770982567864805
1241.0,1.9618472920623131,5.771563331515518
1242.0,1.9618544919618497,5.772143859211426
1243.0,1.9618617141494124,5.772724151223778
1244.0,1.9618689585034108,5.773304207823159
1245.0,1.9618762249025503,5.773884029279497
1246.0,1.9618835132258312,5.774463615862061
1247.0,1.961890823352548,5.775042967839465
1248.0,1.9618981551622887,5.775622085479669
1249.0,1.9619055085349333,5.776200969049983
1250.0,1.9619128833506532,5.7767796188170655
1251.0,1.9619202794899104,5.777358035046929
1252.0,1.961927696833457,5.777936218004941
1253.0,1.9619351352623327,5.778514167955822
1254.0,1.961942594657866,5.779091885163655
1255.0,1.9619500749016718,5.779669369891879
1256.0,1.9619575758756516,5.7802466224033
1257.0,1.9619650974619915,5.780823642960082
1258.0,1.9619726395431627,5.78140043182376
1259.0,1.9619802020019188,5.781976989255234
1260.0,1.9619877847212968,5.782553315514774
1261.0,1.9619953875846148,5.783129410862023
1262.0,1.9620030104754724,5.783705275555995
1263.0,1.9620106532777486,5.784280909855082
1264.0,1.962018315875602,5.78485631401705
1265.0,1.962025998153469,5.785431488299047
1266.0,1.9620336999960635,5.786006432957601
1267.0,1.9620414212883763,5.7865811482486205
1268.0,1.962049161915674,5.7871556344274016
1269.0,1.9620569217634973,5.787729891748624
1270.0,1.962064700717662,5.788303920466358
1271.0,1.9620724986642564,5.788877720834062
1272.0,1.9620803154896413,5.789451293104587
1273.0,1.9620881510804493,5.790024637530178
1274.0,1.9620960053235834,5.790597754362474
1275.0,1.962103878106217,5.791170643852512
1276.0,1.9621117693157921,5.791743306250727
1277.0,1.962119678840019,5.7923157418069575
1278.0,1.9621276065668758,5.7928879507704405
1279.0,1.9621355523846071,5.79345993338982
1280.0,1.9621435161817233,5.794031689913145
1281.0,1.9621514978469998,5.794603220587872
1282.0,1.9621594972694765,5.795174525660867
1283.0,1.9621675143384563,5.795745605378408
1284.0,1.962175548943505,5.796316459986185
1285.0,1.9621836009744507,5.796887089729304
1286.0,1.9621916703213815,5.797457494852285
1287.0,1.962199756874647,5.7980276755990685
1288.0,1.9622078605248552,5.7985976322130135
1289.0,1.9622159811628737,5.7991673649369
1290.0,1.9622241186798273,5.7997368740129325
1291.0,1.9622322729670985,5.800306159682739
1292.0,1.962240443916326,5.800875222187376
1293.0,1.9622486314194039,5.8014440617673255
1294.0,1.9622568353684817,5.802012678662502
1295.0,1.9622650556559627,5.80258107311225
1296.0,1.9622732921745032,5.803149245355346
1297.0,1.9622815448170126,5.803717195630005
1298.0,1.9622898134766515,5.804284924173876
1299.0,1.9622980980468325,5.804852431224046
1300.0,1.9623063984212177,5.805419717017043
1301.0,1.962314714493719,5.8059867817888335
1302.0,1.962323046158497,5.806553625774831
1303.0,1.9623313933099609,5.807120249209892
1304.0,1.9623397558427667,5.807686652328319
1305.0,1.9623481336518172,5.808252835363861
1306.0,1.962356526632261,5.808818798549719
1307.0,1.9623649346794918,5.8093845421185435
1308.0,1.962373357689148,5.809950066302438
1309.0,1.9623817955571115,5.81051537133296
1310.0,1.962390248179507,5.811080457441122
1311.0,1.9623987154527018,5.8116453248573965
1312.0,1.9624071972733044,5.812209973811712
1313.0,1.962415693538164,5.812774404533459
1314.0,1.9624242041443705,5.813338617251491
1315.0,1.9624327289892525,5.813902612194121
1316.0,1.9624412679703778,5.814466389589132
1317.0,1.9624498209855519,5.815029949663771
1318.0,1.9624583879328177,5.8155932926447536
1319.0,1.9624669687104546,5.816156418758266
1320.0,1.9624755632169777,5.816719328229963
1321.0,1.9624841713511376,5.817282021284976
1322.0,1.9624927930119191,5.817844498147908
1323.0,1.9625014280985411,5.818406759042839
1324.0,1.9625100765104553,5.818968804193325
1325.0,1.962518738147346,5.819530633822402
1326.0,1.962527412909129,5.820092248152586
1327.0,1.9625361006959519,5.820653647405875
1328.0,1.9625448014081917,5.821214831803748
1329.0,1.9625535149464557,5.821775801567172
1330.0,1.96256224121158,5.822336556916599
1331.0,1.9625709801046292,5.822897098071967
1332.0,1.9625797315268954,5.823457425252705
1333.0,1.962588495379898,5.824017538677733
1334.0,1.9625972715653826,5.82457743856546
1335.0,1.9626060599853206,5.825137125133792
1336.0,1.9626148605419083,5.8256965986001275
1337.0,1.9626236731375664,5.826255859181362
1338.0,1.9626324976749394,5.82681490709389
1339.0,1.962641334056895,5.827373742553604
1340.0,1.962650182186523,5.8279323657758955
1341.0,1.9626590419671353,5.828490776975661
1342.0,1.9626679133022649,5.829048976367299
1343.0,1.962676796095665,5.829606964164713
1344.0,1.9626856902513092,5.830164740581312
1345.0,1.9626945956733899,5.8307223058300135
1346.0,1.9627035122663181,5.831279660123244
1347.0,1.9627124399347229,5.831836803672941
1348.0,1.9627213785834507,5.832393736690552
1349.0,1.9627303281175645,5.832950459387039
1350.0,1.9627392884423434,5.833506971972878
1351.0,1.962748259463282,5.834063274658061
1352.0,1.9627572410860894,5.834619367652097
1353.0,1.9627662332166893,5.8351752511640145
1354.0,1.962775235761219,5.835730925402362
1355.0,1.9627842486260283,5.836286390575207
1356.0,1.96279327171768,5.836841646890143
1357.0,1.9628023049429477,5.837396694554285
1358.0,1.9628113482088172,5.837951533774276
1359.0,1.962820401422484,5.838506164756282
1360.0,1.962829464491354,5.839060587705999
1361.0,1.9628385373230421,5.839614802828653
1362.0,1.9628476198253721,5.840168810329001
1363.0,1.9628567119063758,5.840722610411328
1364.0,1.9628658134742925,5.841276203279458
1365.0,1.9628749244375683,5.841829589136744
1366.0,1.962884044704856,5.84238276818608
1367.0,1.9628931741850137,5.842935740629893
1368.0,1.9629023127871053,5.843488506670151
1369.0,1.9629114604203983,5.84404106650836
1370.0,1.962920616994365,5.844593420345569
1371.0,1.9629297824186804,5.8451455683823665
1372.0,1.9629389566032232,5.845697510818888
1373.0,1.9629481394580734,5.846249247854811
1374.0,1.9629573308935133,5.84680077968936
1375.0,1.962966530820026,5.847352106521307
1376.0,1.9629757391482947,5.847903228548974
1377.0,1.9629849557892034,5.84845414597023
1378.0,1.9629941806538351,5.849004858982497
1379.0,1.9630034136534713,5.849555367782748
1380.0,1.963012654699592,5.850105672567512
1381.0,1.9630219037038752,5.850655773532871
1382.0,1.9630311605781952,5.851205670874464
1383.0,1.9630404252346234,5.851755364787485
1384.0,1.9630496975854272,5.85230485546669
1385.0,1.9630589775430693,5.852854143106391
1386.0,1.9630682650202074,5.853403227900465
1387.0,1.9630775599296932,5.853952110042347
1388.0,1.9630868621845727,5.85450078972504
1389.0,1.9630961716980848,5.855049267141107
1390.0,1.9631054883836612,5.855597542482679
1391.0,1.9631148121549256,5.856145615941454
1392.0,1.9631241429256936,5.856693487708697
1393.0,1.9631334806099716,5.857241157975245
1394.0,1.9631428251219567,5.857788626931502
1395.0,1.9631521763760358,5.858335894767446
1396.0,1.9631615342867854,5.858882961672628
1397.0,1.9631708987689709,5.859429827836172
1398.0,1.963180269737546,5.8599764934467755
1399.0,1.9631896471076524,5.860522958692717
1400.0,1.963199030794619,5.861069223761849
1401.0,1.9632084207139617,5.861615288841603
1402.0,1.9632178167813825,5.862161154118991
1403.0,1.9632272189127693,5.862706819780607
1404.0,1.963236627024195,5.863252286012625
1405.0,1.9632460410319177,5.863797553000804
1406.0,1.9632554608523791,5.864342620930486
1407.0,1.963264886402205,5.8648874899866
1408.0,1.9632743175982046,5.865432160353661
1409.0,1.9632837543573691,5.865976632215771
1410.0,1.9632931965968723,5.866520905756622
1411.0,1.9633026442340695,5.867064981159496
1412.0,1.9633120971864975,5.867608858607266
1413.0,1.963321555371873,5.868152538282396
1414.0,1.9633310187080937,5.868696020366945
1415.0,1.9633404871132363,5.869239305042567
1416.0,1.9633499605055569,5.869782392490508
1417.0,1.96335943880349,5.870325282891616
1418.0,1.963368921925649,5.870867976426332
1419.0,1.9633784097908238,5.871410473274699
1420.0,1.963387902317982,5.871952773616357
1421.0,1.9633973994262683,5.87249487763055
1422.0,1.963406901035003,5.873036785496123
1423.0,1.9634164070636824,5.873578497391524
1424.0,1.9634259174319775,5.874120013494804
1425.0,1.9634354320597347,5.874661333983621
1426.0,1.963444950866974,5.875202459035239
1427.0,1.9634544737738897,5.87574338882653
1428.0,1.963464000700849,5.876284123533973
1429.0,1.963473531568392,5.876824663333657
1430.0,1.9634830662972311,5.877365008401283
1431.0,1.9634926048082506,5.877905158912163
1432.0,1.9635021470225063,5.878445115041219
1433.0,1.9635116928612244,5.878984876962991
1434.0,1.963521242245802,5.879524444851631
1435.0,1.9635307950978058,5.880063818880908
1436.0,1.9635403513389724,5.880602999224207
1437.0,1.9635499108912073,5.881141986054531
1438.0,1.9635594736765842,5.881680779544503
1439.0,1.9635690396173453,5.882219379866364
1440.0,1.9635786086359002,5.882757787191978
1441.0,1.9635881806548259,5.883296001692829
1442.0,1.9635977555968658,5.883834023540024
1443.0,1.9636073333849298,5.884371852904297
1444.0,1.9636169139420936,5.884909489956003
1445.0,1.9636264971915982,5.885446934865126
1446.0,1.9636360830568493,5.885984187801274
1447.0,1.9636456714614174,5.886521248933685
1448.0,1.9636552623290369,5.887058118431226
1449.0,1.9636648555836054,5.887594796462394
1450.0,1.9636744511491842,5.888131283195315
1451.0,1.9636840489499967,5.888667578797748
1452.0,1.9636936489104289,5.889203683437087
1453.0,1.9637032509550285,5.889739597280356
1454.0,1.9637128550085043,5.890275320494218
1455.0,1.9637224609957264,5.890810853244967
1456.0,1.963732068841725,5.891346195698538
1457.0,1.9637416784716903,5.8918813480205
1458.0,1.9637512898109726,5.892416310376065
1459.0,1.9637609027850806,5.8929510829300815
1460.0,1.9637705173196824,5.893485665847039
1461.0,1.9637801333406042,5.894020059291069
1462.0,1.9637897507738298,5.894554263425945
1463.0,1.9637993695455005,5.895088278415086
1464.0,1.9638089895819149,5.895622104421552
1465.0,1.963818610809528,5.896155741608051
1466.0,1.9638282331549508,5.896689190136935
1467.0,1.9638378565449506,5.897222450170206
1468.0,1.9638474809064492,5.897755521869512
1469.0,1.963857106166524,5.89828840539615
1470.0,1.9638667322524066,5.898821100911069
1471.0,1.9638763590914827,5.899353608574866
1472.0,1.9638859866112917,5.899885928547792
1473.0,1.963895614739526,5.90041806098975
1474.0,1.963905243404031,5.900950006060297
1475.0,1.9639148725328044,5.901481763918643
1476.0,1.9639245020539964,5.902013334723656
1477.0,1.963934131895908,5.902544718633858
1478.0,1.9639437619869922,5.903075915807428
1479.0,1.963953392255852,5.903606926402207
1480.0,1.9639630226312417,5.904137750575691
1481.0,1.9639726530420645,5.904668388485037
1482.0,1.963982283417374,5.905198840287063
1483.0,1.9639919136863726,5.90572910613825
1484.0,1.9640015437784117,5.90625918619474
1485.0,1.9640111736229908,5.906789080612338
1486.0,1.9640208031497575,5.907318789546515
1487.0,1.964030432288507,5.9078483131524075
1488.0,1.9640400609691817,5.908377651584815
1489.0,1.9640496891218708,5.908906804998208
1490.0,1.9640593166768099,5.909435773546721
1491.0,1.9640689435643806,5.9099645573841615
1492.0,1.9640785697151102,5.910493156664002
1493.0,1.964088195059671,5.91102157153939
1494.0,1.9640978195288803,5.91154980216314
1495.0,1.9641074430537,5.912077848687742
1496.0,1.964117065565236,5.912605711265357
1497.0,1.9641266869947378,5.91313339004782
1498.0,1.9641363072735982,5.9136608851866415
1499.0,1.9641459263333532,5.914188196833007
1500.0,1.9641555441056808,5.914715325137778
1501.0,1.964165160522402,5.915242270251495
1502.0,1.9641747755154788,5.915769032324374
1503.0,1.964184389017015,5.916295611506312
1504.0,1.9641940009592556,5.916822007946885
1505.0,1.9642036112745858,5.917348221795349
1506.0,1.9642132198955315,5.917874253200641
1507.0,1.9642228267547588,5.918400102311383
1508.0,1.9642324317850726,5.918925769275876
1509.0,1.9642420349194174,5.919451254242108
1510.0,1.9642516360908766,5.91997655735775
1511.0,1.964261235232672,5.92050167877016
1512.0,1.9642708322781637,5.921026618626379
1513.0,1.964280427160849,5.921551377073139
1514.0,1.964290019814363,5.922075954256857
1515.0,1.9642996101724775,5.92260035032364
1516.0,1.9643091981691014,5.923124565419285
1517.0,1.9643187837382796,5.923648599689279
1518.0,1.9643283668141929,5.924172453278798
1519.0,1.9643379473311577,5.924696126332712
1520.0,1.9643475252236258,5.925219618995585
1521.0,1.9643571004261835,5.92574293141167
1522.0,1.9643666728735518,5.926266063724919
1523.0,1.964376242500586,5.926789016078975
1524.0,1.964385809242275,5.927311788617179
1525.0,1.9643953730337413,5.92783438148257
1526.0,1.9644049338102405,5.928356794817881
1527.0,1.9644144915071609,5.928879028765545
1528.0,1.964424046060023,5.929401083467694
1529.0,1.96443359740448,5.929922959066158
1530.0,1.9644431454763158,5.930444655702471
1531.0,1.9644526902114468,5.930966173517864
1532.0,1.9644622315459195,5.9314875126532725
1533.0,1.9644717694159117,5.932008673249334
1534.0,1.9644813037577313,5.932529655446389
1535.0,1.9644908345078163,5.933050459384484
1536.0,1.9645003616027341,5.9335710852033685
1537.0,1.9645098849791818,5.934091533042499
1538.0,1.9645194045739853,5.9346118030410375
1539.0,1.9645289203240992,5.935131895337854
1540.0,1.9645384321666066,5.935651810071526
1541.0,1.9645479400387182,5.936171547380341
1542.0,1.9645574438777726,5.936691107402293
1543.0,1.9645669436212359,5.937210490275089
1544.0,1.9645764392067009,5.937729696136147
1545.0,1.9645859305718871,5.938248725122595
1546.0,1.9645954176546407,5.938767577371273
1547.0,1.9646049003929336,5.939286253018736
1548.0,1.964614378724863,5.939804752201252
1549.0,1.9646238525886526,5.9403230750548035
1550.0,1.96463332192265,5.940841221715089
1551.0,1.964642786665328,5.941359192317521
1552.0,1.9646522467552838,5.941876986997231
1553.0,1.9646617021312387,5.942394605889067
1554.0,1.9646711527320377,5.942912049127595
1555.0,1.964680598496649,5.9434293168471
1556.0,1.9646900393641646,5.943946409181587
1557.0,1.9646994752737985,5.94446332626478
1558.0,1.9647089061648875,5.944980068230126
1559.0,1.9647183319768906,5.945496635210792
1560.0,1.964727752649389,5.946013027339668
1561.0,1.9647371681220847,5.9465292447493665
1562.0,1.9647465783348013,5.947045287572225
1563.0,1.9647559832274835,5.9475611559403045
1564.0,1.9647653827401963,5.948076849985392
1565.0,1.9647747768131254,5.948592369838999
1566.0,1.964784165386576,5.9491077156323655
1567.0,1.9647935484009733,5.9496228874964565
1568.0,1.9648029257968618,5.950137885561967
1569.0,1.964812297514905,5.950652709959318
1570.0,1.964821663495885,5.951167360818663
1571.0,1.9648310236807032,5.951681838269883
1572.0,1.964840378010378,5.95219614244259
1573.0,1.9648497264260463,5.952710273466129
1574.0,1.9648590688689624,5.953224231469574
1575.0,1.964868405280498,5.953738016581735
1576.0,1.9648777356021419,5.954251628931153
1577.0,1.9648870597754988,5.954765068646103
1578.0,1.9648963777422905,5.955278335854596
1579.0,1.9649056894443548,5.955791430684378
1580.0,1.9649149948236448,5.95630435326293
1581.0,1.9649242938222298,5.95681710371747
1582.0,1.9649335863822934,5.957329682174954
1583.0,1.9649428724461349,5.957842088762075
1584.0,1.9649521519561675,5.958354323605265
1585.0,1.9649614248549192,5.958866386830695
1586.0,1.964970691085032,5.959378278564276
1587.0,1.9649799505892613,5.959889998931659
1588.0,1.9649892033104763,5.960401548058237
1589.0,1.964998449191659,5.960912926069145
1590.0,1.9650076881759044,5.96142413308926
1591.0,1.96501692020642,5.961935169243201
1592.0,1.965026145226526,5.962446034655333
1593.0,1.9650353631796542,5.962956729449763
1594.0,1.965044574009348,5.963467253750345
1595.0,1.9650537776592627,5.963977607680677
1596.0,1.9650629740731642,5.964487791364106
1597.0,1.96507216319493,5.964997804923722
1598.0,1.9650813449685476,5.965507648482364
1599.0,1.965090519338115,5.966017322162621
1600.0,1.9650996862478403,5.966526826086828
1601.0,1.9651088456420411,5.967036160377072
1602.0,1.965117997465145,5.967545325155187
1603.0,1.9651271416616882,5.96805432054276
1604.0,1.9651362781763166,5.968563146661128
1605.0,1.9651454069537841,5.969071803631381
1606.0,1.965154527938953,5.96958029157436
1607.0,1.9651636410767943,5.97008861061066
1608.0,1.965172746312386,5.97059676086063
1609.0,1.9651818435909145,5.971104742444372
1610.0,1.965190932857673,5.971612555481744
1611.0,1.965200014058062,5.972120200092358
1612.0,1.9652090871375887,5.972627676395584
1613.0,1.9652181520418663,5.973134984510548
1614.0,1.9652272087166152,5.9736421245561315
1615.0,1.965236257107661,5.974149096650977
1616.0,1.965245297160935,5.974655900913483
1617.0,1.9652543288224749,5.9751625374618085
1618.0,1.9652633520384222,5.975669006413871
1619.0,1.9652723667550243,5.976175307887349
1620.0,1.9652813729186327,5.976681441999681
1621.0,1.9652903704757037,5.977187408868069
1622.0,1.9652993593727974,5.977693208609474
1623.0,1.965308339556578,5.978198841340621
1624.0,1.9653173109738133,5.978704307177999
1625.0,1.9653262735713741,5.979209606237859
1626.0,1.9653352272962348,5.9797147386362175
1627.0,1.9653441720954723,5.980219704488856
1628.0,1.965353107916266,5.980724503911319
1629.0,1.9653620347058982,5.9812291370189214
1630.0,1.9653709524117524,5.981733603926742
1631.0,1.9653798609813147,5.982237904749625
1632.0,1.9653887603621722,5.982742039602186
1633.0,1.9653976505020139,5.983246008598807
1634.0,1.9654065313486293,5.983749811853639
1635.0,1.9654154028499091,5.984253449480603
1636.0,1.9654242649538443,5.984756921593388
1637.0,1.9654331176085262,5.985260228305457
1638.0,1.9654419607621465,5.98576336973004
1639.0,1.9654507943629962,5.986266345980141
1640.0,1.9654596183594664,5.9867691571685375
1641.0,1.9654684327000471,5.9872718034077765
1642.0,1.9654772373333276,5.987774284810181
1643.0,1.9654860322079961,5.988276601487846
1644.0,1.9654948172728393,5.988778753552642
1645.0,1.965503592476742,5.989280741116215
1646.0,1.9655123577686873,5.989782564289984
1647.0,1.9655211130977563,5.990284223185146
1648.0,1.9655298584131278,5.990785717912674
1649.0,1.9655385936640775,5.991287048583319
1650.0,1.9655473187999786,5.99178821530761
1651.0,1.9655560337703013,5.99228921819585
1652.0,1.965564738524612,5.9927900573581265
1653.0,1.965573433012574,5.993290732904303
1654.0,1.9655821171839465,5.993791244944022
1655.0,1.9655907909885848,5.99429159358671
1656.0,1.9655994543764397,5.994791778941571
1657.0,1.9656081072975577,5.995291801117591
1658.0,1.9656167497020807,5.995791660223538
1659.0,1.9656253815402451,5.996291356367963
1660.0,1.9656340027623824,5.9967908896592
1661.0,1.9656426133189189,5.997290260205367
1662.0,1.9656512131603745,5.997789468114363
1663.0,1.965659802237364,5.9982885134938755
1664.0,1.9656683805005954,5.998787396451374
1665.0,1.9656769479008707,5.9992861170941145
1666.0,1.965685504389085,5.99978467552914
1667.0,1.9656940499162272,6.0002830718632785
1668.0,1.9657025844333784,6.000781306203146
1669.0,1.9657111078917127,6.001279378655147
1670.0,1.9657196202424967,6.001777289325471
1671.0,1.9657281214370894,6.002275038320099
1672.0,1.9657366114269414,6.002772625744801
1673.0,1.9657450901635958,6.003270051705136
1674.0,1.9657535575986866,6.003767316306451
1675.0,1.9657620136839395,6.004264419653888
1676.0,1.9657704583711715,6.004761361852375
1677.0,1.96577889161229,6.005258143006636
1678.0,1.9657873133592936,6.005754763221185
1679.0,1.9657957235642711,6.00625122260033
1680.0,1.9658041221794018,6.006747521248169
1681.0,1.965812509156955,6.007243659268597
1682.0,1.9658208844492895,6.007739636765302
1683.0,1.965829248008854,6.008235453841765
1684.0,1.9658375997881865,6.008731110601264
1685.0,1.9658459397399142,6.009226607146872
1686.0,1.9658542678167532,6.009721943581459
1687.0,1.9658625839715085,6.010217120007689
1688.0,1.9658708881570734,6.010712136528025
1689.0,1.9658791803264297,6.011206993244727
1690.0,1.965887460432647,6.011701690259853
1691.0,1.9658957284288834,6.012196227675259
1692.0,1.9659039842683839,6.012690605592601
1693.0,1.9659122279044814,6.013184824113333
1694.0,1.9659204592905961,6.01367888333871
1695.0,1.965928678380235,6.014172783369787
1696.0,1.965936885126992,6.014666524307419
1697.0,1.9659450794845479,6.015160106252264
1698.0,1.9659532614066693,6.01565352930478
1699.0,1.9659614308472095,6.016146793565229
1700.0,1.9659695877601078,6.016639899133673
1701.0,1.965977732099389,6.0171328461099804
1702.0,1.9659858638191638,6.017625634593822
1703.0,1.9659939828736281,6.018118264684671
1704.0,1.9660020892170629,6.018610736481807
1705.0,1.966010182803834,6.019103050084315
1706.0,1.9660182635883927,6.0195952055910835
1707.0,1.966026331525274,6.020087203100809
1708.0,1.9660343865690977,6.020579042711994
1709.0,1.9660424286745677,6.021070724522946
1710.0,1.9660504577964717,6.021562248631781
1711.0,1.9660584738896814,6.022053615136424
1712.0,1.9660664769091518,6.022544824134608
1713.0,1.9660744668099215,6.023035875723871
1714.0,1.966082443547112,6.023526770001565
1715.0,1.966090407075928,6.0240175070648485
1716.0,1.9660983573516566,6.024508087010691
1717.0,1.9661062943296679,6.024998509935873
1718.0,1.966114217965414,6.025488775936985
1719.0,1.9661221282144294,6.025978885110429
1720.0,1.9661300250323306,6.026468837552419
1721.0,1.9661379083748154,6.026958633358981
1722.0,1.9661457781976637,6.0274482726259535
1723.0,1.9661536344567363,6.027937755448989
1724.0,1.9661614771079758,6.028427081923553
1725.0,1.9661693061074053,6.028916252144924
1726.0,1.9661771214111288,6.029405266208197
1727.0,1.9661849229753312,6.029894124208281
1728.0,1.9661927107562773,6.030382826239898
1729.0,1.9662004847103127,6.030871372397589
1730.0,1.9662082447938625,6.0313597627757085
1731.0,1.9662159909634318,6.0318479974684305
1732.0,1.9662237231756057,6.032336076569743
1733.0,1.9662314413870483,6.032824000173455
1734.0,1.9662391455545034,6.0333117683731885
1735.0,1.9662468356347935,6.033799381262388
1736.0,1.9662545115848202,6.034286838934315
1737.0,1.9662621733615637,6.034774141482049
1738.0,1.966269820922083,6.035261288998491
1739.0,1.966277454223515,6.035748281576361
1740.0,1.9662850732230752,6.0362351193082
1741.0,1.9662926778780567,6.03672180228637
1742.0,1.9663002681458308,6.037208330603052
1743.0,1.966307843983846,6.037694704350252
1744.0,1.9663154053496283,6.0381809236197945
1745.0,1.9663229522007812,6.038666988503329
1746.0,1.9663304844949852,6.039152899092327
1747.0,1.9663380021899972,6.039638655478084
1748.0,1.9663455052436514,6.040124257751718
1749.0,1.9663529936138582,6.040609706004172
1750.0,1.9663604672586044,6.041095000326213
1751.0,1.9663679261359528,6.041580140808433
1752.0,1.9663753702040423,6.04206512754125
1753.0,1.9663827994210878,6.042549960614905
1754.0,1.9663902137453795,6.04303464011947
1755.0,1.9663976131352832,6.043519166144839
1756.0,1.9664049975492397,6.044003538780736
1757.0,1.9664123669457654,6.044487758116709
1758.0,1.9664197212834509,6.044971824242138
1759.0,1.9664270605209622,6.045455737246228
1760.0,1.9664343846170396,6.045939497218013
1761.0,1.9664416935304976,6.046423104246357
1762.0,1.966448987220225,6.046906558419952
1763.0,1.9664562656451852,6.04738985982732
1764.0,1.9664635287644143,6.047873008556815
1765.0,1.966470776537023,6.048356004696618
1766.0,1.9664780089221954,6.048838848334745
1767.0,1.9664852258791885,6.049321539559039
1768.0,1.966492427367333,6.049804078457178
1769.0,1.9664996133460322,6.0502864651166695
1770.0,1.9665067837747625,6.050768699624856
1771.0,1.9665139386130728,6.051250782068911
1772.0,1.9665210778205846,6.051732712535842
1773.0,1.9665282013569916,6.0522144911124895
1774.0,1.9665353091820594,6.052696117885528
1775.0,1.9665424012556263,6.053177592941467
1776.0,1.9665494775376018,6.0536589163666505
1777.0,1.966556537987967,6.054140088247258
1778.0,1.966563582566775,6.054621108669302
1779.0,1.9665706112341501,6.055101977718635
1780.0,1.9665776239502872,6.0555826954809415
1781.0,1.9665846206754527,6.0560632620417465
1782.0,1.9665916013699836,6.056543677486409
1783.0,1.9665985659942875,6.057023941900127
1784.0,1.9666055145088428,6.057504055367935
1785.0,1.9666124468741981,6.057984017974707
1786.0,1.9666193630509718,6.058463829805155
1787.0,1.966626262999853,6.058943490943829
1788.0,1.9666331466815998,6.0594230014751185
1789.0,1.9666400140570406,6.059902361483254
1790.0,1.966646865087073,6.060381571052305
1791.0,1.9666536997326642,6.06086063026618
1792.0,1.9666605179548504,6.061339539208629
1793.0,1.9666673197147366,6.061818297963245
1794.0,1.9666741049734973,6.06229690661346
1795.0,1.966680873692375,6.0627753652425485
1796.0,1.9666876258326815,6.063253673933628
1797.0,1.9666943613557963,6.0637318327696565
1798.0,1.9667010802231675,6.064209841833437
1799.0,1.966707782396311,6.064687701207613
1800.0,1.9667144678368111,6.065165410974675
1801.0,1.9667211365063195,6.065642971216955
1802.0,1.9667277883665557,6.0661203820166305
1803.0,1.9667344233793065,6.066597643455722
1804.0,1.966741041506426,6.067074755616097
1805.0,1.9667476427098352,6.067551718579466
1806.0,1.9667542269515226,6.0680285324273875
1807.0,1.9667607941935434,6.068505197241264
1808.0,1.9667673443980194,6.068981713102347
1809.0,1.9667738775271386,6.0694580800917315
1810.0,1.9667803935431558,6.069934298290362
1811.0,1.9667868924083918,6.07041036777903
1812.0,1.9667933740852337,6.070886288638374
1813.0,1.9667998385361343,6.071362060948881
1814.0,1.9668062857236122,6.071837684790886
1815.0,1.9668127156102515,6.0723131602445735
1816.0,1.9668191281587022,6.0727884873899765
1817.0,1.9668255233316791,6.073263666306978
1818.0,1.9668319010919624,6.073738697075311
1819.0,1.9668382614023971,6.074213579774558
1820.0,1.9668446042258936,6.074688314484152
1821.0,1.9668509295254264,6.075162901283377
1822.0,1.966857237264035,6.07563734025137
1823.0,1.966863527404823,6.076111631467115
1824.0,1.9668697999109583,6.076585775009453
1825.0,1.9668760547456734,6.077059770957073
1826.0,1.9668822918722642,6.077533619388519
1827.0,1.9668885112540904,6.078007320382188
1828.0,1.966894712854576,6.078480874016328
1829.0,1.966900896637208,6.078954280369042
1830.0,1.966907062565537,6.079427539518288
1831.0,1.9669132106031768,6.079900651541875
1832.0,1.9669193407138044,6.080373616517469
1833.0,1.9669254528611595,6.08084643452259
1834.0,1.966931547009045,6.081319105634613
1835.0,1.966937623121326,6.081791629930769
1836.0,1.9669436811619307,6.082264007488144
1837.0,1.9669497210948492,6.082736238383681
1838.0,1.9669557428841342,6.08320832269418
1839.0,1.9669617464939002,6.083680260496295
1840.0,1.9669677318883239,6.08415205186654
1841.0,1.9669736990316435,6.084623696881285
1842.0,1.9669796478881596,6.085095195616757
1843.0,1.9669855784222336,6.0855665481490435
1844.0,1.9669914905982886,6.086037754554089
1845.0,1.9669973843808088,6.0865088149076945
1846.0,1.96700325973434,6.086979729285524
1847.0,1.9670091166234884,6.087450497763098
1848.0,1.9670149550129215,6.087921120415798
1849.0,1.967020774867367,6.088391597318864
1850.0,1.9670265761516137,6.088861928547399
1851.0,1.9670323588305105,6.089332114176362
1852.0,1.967038122868967,6.089802154280578
1853.0,1.9670438682319527,6.09027204893473
1854.0,1.9670495948844966,6.0907417982133625
1855.0,1.9670553027916886,6.091211402190883
1856.0,1.9670609919186777,6.091680860941561
1857.0,1.9670666622306725,6.092150174539528
1858.0,1.9670723136929416,6.092619343058778
1859.0,1.9670779462708123,6.093088366573168
1860.0,1.9670835599296719,6.09355724515642
1861.0,1.967089154634966,6.094025978882117
1862.0,1.9670947303521995,6.094494567823708
1863.0,1.967100287046936,6.094963012054506
1864.0,1.967105824684798,6.095431311647686
1865.0,1.9671113432314666,6.095899466676292
1866.0,1.967116842652681,6.09636747721323
1867.0,1.9671223229142387,6.096835343331272
1868.0,1.9671277839819958,6.097303065103058
1869.0,1.967133225821866,6.097770642601091
1870.0,1.9671386483998208,6.098238075897742
1871.0,1.96714405168189,6.098705365065248
1872.0,1.9671494356341608,6.0991725101757135
1873.0,1.9671548002227777,6.09963951130111
1874.0,1.9671601454139427,6.100106368513276
1875.0,1.967165471173915,6.100573081883919
1876.0,1.9671707774690113,6.101039651484613
1877.0,1.9671760642656047,6.101506077386802
1878.0,1.9671813315301254,6.101972359661798
1879.0,1.9671865792290608,6.102438498380781
1880.0,1.9671918073289543,6.102904493614803
1881.0,1.9671970157964058,6.103370345434783
1882.0,1.967202204598072,6.10383605391151
1883.0,1.9672073737006655,6.104301619115645
1884.0,1.967212523070955,6.104767041117718
1885.0,1.9672176526757654,6.105232319988129
1886.0,1.9672227624819774,6.105697455797151
1887.0,1.9672278524565272,6.106162448614928
1888.0,1.967232922566407,6.106627298511473
1889.0,1.9672379727786637,6.107092005556673
1890.0,1.9672430030604007,6.1075565698202885
1891.0,1.9672480133787758,6.108020991371949
1892.0,1.967253003701002,6.108485270281159
1893.0,1.9672579739943479,6.108949406617296
1894.0,1.9672629242261361,6.10941340044961
1895.0,1.9672678543637445,6.109877251847225
1896.0,1.9672727643746053,6.110340960879137
1897.0,1.9672776542262056,6.110804527614219
1898.0,1.9672825238860865,6.111267952121217
1899.0,1.9672873733218437,6.111731234468752
1900.0,1.9672922025011266,6.112194374725319
1901.0,1.967297011391639,6.112657372959289
1902.0,1.9673017999611384,6.113120229238908
1903.0,1.9673065681774362,6.113582943632299
1904.0,1.9673113160083975,6.114045516207458
1905.0,1.9673160434219406,6.114507947032261
1906.0,1.9673207503860375,6.114970236174459
1907.0,1.9673254368687136,6.1154323837016795
1908.0,1.9673301028380474,6.1158943896814275
1909.0,1.9673347482621701,6.116356254181085
1910.0,1.9673393731092663,6.116817977267912
1911.0,1.9673439773475734,6.117279559009046
1912.0,1.9673485609453811,6.117740999471504
1913.0,1.9673531238710322,6.11820229872218
1914.0,1.967357666092922,6.118663456827846
1915.0,1.9673621875794975,6.119124473855156
1916.0,1.9673666882992586,6.11958534987064
1917.0,1.967371168220757,6.120046084940709
1918.0,1.9673756273125966,6.120506679131655
1919.0,1.967380065543433,6.120967132509647
1920.0,1.967384482881974,6.121427445140737
1921.0,1.9673888792969785,6.121887617090857
1922.0,1.9673932547572575,6.1223476484258175
1923.0,1.967397609231673,6.122807539211314
1924.0,1.9674019426891385,6.1232672895129205
1925.0,1.9674062550986189,6.123726899396093
1926.0,1.9674105464291298,6.12418636892617
1927.0,1.9674148166497383,6.124645698168373
1928.0,1.967419065729562,6.1251048871878035
1929.0,1.9674232936377696,6.125563936049447
1930.0,1.96742750034358,6.1260228448181735
1931.0,1.9674316858162628,6.126481613558732
1932.0,1.9674358500251385,6.126940242335759
1933.0,1.9674399929395774,6.127398731213772
1934.0,1.967444114529,6.127857080257173
1935.0,1.9674482147628771,6.12831528953025
1936.0,1.9674522936107295,6.128773359097173
1937.0,1.967456351042128,6.129231289021998
1938.0,1.9674603870266927,6.129689079368665
1939.0,1.9674644015340939,6.130146730201001
1940.0,1.9674683945340512,6.1306042415827156
1941.0,1.9674723659963336,6.131061613577406
1942.0,1.9674763158907596,6.131518846248555
1943.0,1.9674802441871968,6.13197593965953
1944.0,1.9674841508555618,6.132432893873589
1945.0,1.9674880358658207,6.132889708953872
1946.0,1.967491899187988,6.133346384963408
1947.0,1.967495740792127,6.133802921965113
1948.0,1.96749956064835,6.134259320021791
1949.0,1.967503358726818,6.134715579196133
1950.0,1.96750713499774,6.135171699550716
1951.0,1.9666754233586892,6.135627003729504
1952.0,1.9658438331933927,6.136080817762265
1953.0,1.9650123623768545,6.136533146630658
1954.0,1.964181008794475,6.136983995294035
1955.0,1.9633497703419804,6.1374333686895834
1956.0,1.9625186449253516,6.137881271732476
1957.0,1.9616876304607553,6.138327709316009
1958.0,1.9608567248744746,6.138772686311752
1959.0,1.9600259261028405,6.139216207569685
1960.0,1.9591952320921635,6.139658277918346
1961.0,1.9583646407986668,6.140098902164964
1962.0,1.9575341501884194,6.140538085095601
1963.0,1.9567037582372693,6.1409758314752905
1964.0,1.9558734629307788,6.141412146048171
1965.0,1.9550432622641585,6.141847033537624
1966.0,1.9542131542422037,6.142280498646406
1967.0,1.9533831368792292,6.142712546056786
1968.0,1.952553208199007,6.143143180430671
1969.0,1.9517233662347024,6.143572406409741
1970.0,1.950893609028813,6.144000228615579
1971.0,1.950063934633105,6.144426651649797
1972.0,1.9492343411085538,6.144851680094168
1973.0,1.9484048265252811,6.145275318510747
1974.0,1.9475753889624967,6.145697571442003
1975.0,1.9467460265084373,6.146118443410939
1976.0,1.9459167372603074,6.146537938921216
1977.0,1.9450875193242212,6.146956062457278
1978.0,1.9442583708151435,6.147372818484473
1979.0,1.9434292898568326,6.147788211449171
1980.0,1.942600274581782,6.148202245778888
1981.0,1.9417713231311646,6.1486149258824
1982.0,1.9409424336547754,6.149026256149865
1983.0,1.9401136043109761,6.1494362409529355
1984.0,1.9392848332666397,6.149844884644879
1985.0,1.9384561186970952,6.150252191560689
1986.0,1.9376274587860731,6.150658166017202
1987.0,1.9367988517256516,6.1510628123132065
1988.0,1.9359702957162026,6.151466134729562
1989.0,1.9351417889663385,6.151868137529302
1990.0,1.9343133296928596,6.152268824957752
1991.0,1.933484916120702,6.1526682012426335
1992.0,1.932656546482885,6.153066270594175
1993.0,1.9318282190204603,6.153463037205222
1994.0,1.9309999319824602,6.153858505251338
1995.0,1.930171683625848,6.154252678890916
1996.0,1.9293434722154665,6.154645562265283
1997.0,1.9285152960239893,6.155037159498801
1998.0,1.9276871533318705,6.155427474698974
1999.0,1.9268590424272962,6.155816511956551
2000.0,1.926030961606136,6.156204275345624
2001.0,1.9252029091718939,6.156590768923736
2002.0,1.9243748834356613,6.1569759967319735
2003.0,1.9235468827160696,6.157359962795073
2004.0,1.9227189053392422,6.157742671121514
2005.0,1.9218909496387484,6.1581241257036226
2006.0,1.9210630139555576,6.158504330517665
2007.0,1.9202350966379922,6.1588832895239465
2008.0,1.9194071960416828,6.159261006666903
2009.0,1.9185793105295226,6.159637485875202
2010.0,1.917751438471623,6.160012731061833
2011.0,1.9169235782452683,6.160386746124202
2012.0,1.9160957282348725,6.1607595349442255
2013.0,1.9152678868319346,6.1611311013884205
2014.0,1.9144400524349956,6.161501449307997
2015.0,1.9136122234495954,6.161870582538952
2016.0,1.91278439828823,6.162238504902151
2017.0,1.9119565753703087,6.162605220203427
2018.0,1.9111287531221128,6.162970732233665
2019.0,1.9103009299767528,6.163335044768888
2020.0,1.9094731043741278,6.163698161570348
2021.0,1.9086452747608835,6.164060086384611
2022.0,1.9078174395903729,6.16442082294364
2023.0,1.9069895973226139,6.164780374964889
2024.0,1.9061617464242506,6.165138746151377
2025.0,1.905333885368513,6.16549594019178
2026.0,1.904506012635177,6.165851960760511
2027.0,1.903678126710526,6.166206811517804
2028.0,1.9028502260873115,6.166560496109794
2029.0,1.9020223092647142,6.166913018168602
2030.0,1.9011943747483062,6.167264381312413
2031.0,1.9003664210500129,6.167614589145558
2032.0,1.8995384466880747,6.167963645258593
2033.0,1.8987104501870105,6.168311553228378
2034.0,1.8978824300775796,6.168658316618156
2035.0,1.8970543848967456,6.169003938977633
2036.0,1.896226313187639,6.16934842384305
2037.0,1.8953982134995215,6.169691774737264
2038.0,1.8945700843877502,6.170033995169824
2039.0,1.8937419244137412,6.170375088637046
2040.0,1.892913732144934,6.170715058622087
2041.0,1.8920855061547575,6.171053908595021
2042.0,1.8912572450225933,6.171391642012912
2043.0,1.8904289473337428,6.171728262319889
2044.0,1.889600611679391,6.172063772947218
2045.0,1.8887722366565745,6.172398177313372
2046.0,1.8879438208681452,6.172731478824108
2047.0,1.8871153629227384,6.1730636808725325
2048.0,1.886286861434739,6.173394786839177
2049.0,1.8854583150242479,6.173724800092066
2050.0,1.8846297223170496,6.174053723986788
2051.0,1.8838010819445796,6.17438156186656
2052.0,1.8829723925438917,6.174708317062304
2053.0,1.8821436527576259,6.175033992892711
2054.0,1.8813148612339763,6.175358592664307
2055.0,1.8804860166266604,6.1756821196715235
2056.0,1.8796571175948866,6.176004577196761
2057.0,1.8788281628033234,6.176325968510461
2058.0,1.8779991509220684,6.176646296871164
2059.0,1.8771700806266176,6.176965565525581
2060.0,1.8763409505978352,6.177283777708655
2061.0,1.8755117595219226,6.177600936643627
2062.0,1.874682506090389,6.177917045542099
2063.0,1.873853189000021,6.178232107604098
2064.0,1.8730238069528538,6.178546126018138
2065.0,1.8721943586561411,6.178859103961284
2066.0,1.8713648428223264,6.179171044599213
2067.0,1.8705352581690133,6.1794819510862755
2068.0,1.8697056034189379,6.179791826565557
2069.0,1.868875877299939,6.18010067416894
2070.0,1.8680460785449307,6.18040849701716
2071.0,1.867216205891874,6.180715298219872
2072.0,1.8663862580837491,6.181021080875705
2073.0,1.865556233868527,6.181325848072322
2074.0,1.8647261319991426,6.1816296028864794
2075.0,1.8638959512334676,6.181932348384084
2076.0,1.8630656903342826,6.1822340876202535
2077.0,1.8622353480692508,6.18253482363937
2078.0,1.8614049232108913,6.182834559475139
2079.0,1.8605744145365524,6.183133298150646
2080.0,1.859743820828385,6.183431042678414
2081.0,1.8589131408733168,6.183727796060456
2082.0,1.8580823734630267,6.184023561288332
2083.0,1.8572515173939181,6.184318341343205
2084.0,1.8564205714670945,6.184612139195893
2085.0,1.8555895344883326,6.184904957806927
2086.0,1.854758405268059,6.185196800126601
2087.0,1.8539271826213233,6.185487669095028
2088.0,1.8530958653677745,6.185777567642191
2089.0,1.8522644523316358,6.186066498687998
2090.0,1.8514329423416804,6.186354465142332
2091.0,1.8506013342312069,6.186641469905106
2092.0,1.849769626838015,6.1869275158663095
2093.0,1.8489378190043824,6.187212605906066
2094.0,1.8481059095770398,6.187496742894679
2095.0,1.8472738974071483,6.187779929692685
2096.0,1.8464417813502754,6.188062169150903
2097.0,1.8456095602663716,6.188343464110482
2098.0,1.8447772330197478,6.1886238174029575
2099.0,1.8439447984790518,6.188903231850293
2100.0,1.8431122555172454,6.18918171026493
2101.0,1.8422796030115827,6.189459255449842
2102.0,1.8414468398435866,6.189735870198576
2103.0,1.8406139648990267,6.190011557295305
2104.0,1.8397809770678977,6.190286319514872
2105.0,1.8389478752443964,6.190560159622839
2106.0,1.8381146583269008,6.190833080375534
2107.0,1.8372813252179476,6.191105084520097
2108.0,1.8364478748242117,6.1913761747945255
2109.0,1.8356143060564833,6.191646353927722
2110.0,1.8347806178296482,6.191915624639538
2111.0,1.8339468090626654,6.19218398964082
2112.0,1.8331128786785469,6.1924514516334535
2113.0,1.8322788256043365,6.192718013310409
2114.0,1.8314446487710898,6.192983677355786
2115.0,1.8306103471138528,6.193248446444855
2116.0,1.8297759195716419,6.193512323244105
2117.0,1.8289413650874238,6.193775310411285
2118.0,1.8281066826080952,6.194037410595443
2119.0,1.8272718710844627,6.194298626436977
2120.0,1.8264369294712233,6.194558960567672
2121.0,1.8256018567269447,6.194818415610744
2122.0,1.8247666518140455,6.195076994180879
2123.0,1.8239313136987758,6.19533469888428
2124.0,1.8230958413511982,6.195591532318705
2125.0,1.822260233745168,6.195847497073507
2126.0,1.8214244898583154,6.196102595729679
2127.0,1.820588608672025,6.196356830859889
2128.0,1.8197525891714186,6.196610205028527
2129.0,1.8189164303453351,6.1968627207917395
2130.0,1.8180801311863133,6.19711438069747
2131.0,1.8172436906905727,6.197365187285502
2132.0,1.8164071078579955,6.1976151430874955
2133.0,1.8155703816921083,6.197864250627025
2134.0,1.8147335112000644,6.198112512419621
2135.0,1.8138964953926258,6.1983599309728055
2136.0,1.813059333284145,6.198606508786133
2137.0,1.8122220238925482,6.198852248351228
2138.0,1.8113845662393169,6.199097152151819
2139.0,1.810546959349471,6.199341222663782
2140.0,1.8097092022515515,6.199584462355172
2141.0,1.808871293977603,6.199826873686263
2142.0,1.808033233563157,6.200068459109585
2143.0,1.8071950200472147,6.200309221069959
2144.0,1.80635665247223,6.200549162004534
2145.0,1.8055181298840937,6.200788284342822
2146.0,1.8046794513321156,6.201026590506736
2147.0,1.803840615869009,6.201264082910622
2148.0,1.8030016225508736,6.201500763961297
2149.0,1.8021624704371797,6.201736636058084
2150.0,1.801323158590752,6.2019717015928455
2151.0,1.8004836860777533,6.2022059629500195
2152.0,1.7996440519676686,6.202439422506651
2153.0,1.7988042553332895,6.20267208263243
2154.0,1.797964295250698,6.202903945689724
2155.0,1.7971241707992514,6.203135014033609
2156.0,1.796283881061566,6.203365290011906
2157.0,1.7954434251235027,6.2035947759652155
2158.0,1.794602802074151,6.203823474226946
2159.0,1.7937620110058132,6.204051387123349
2160.0,1.792921051013991,6.204278516973554
2161.0,1.7920799211973686,6.204504866089597
2162.0,1.7912386206577988,6.2047304367764555
2163.0,1.790397148500288,6.204955231332079
2164.0,1.7895555038329816,6.20517925204742
2165.0,1.7887136857671484,6.205402501206468
2166.0,1.7878716934171675,6.20562498108628
2167.0,1.7870295259005127,6.20584669395701
2168.0,1.7861871823377389,6.206067642081941
2169.0,1.7853446618524675,6.206287827717517
2170.0,1.784501963571372,6.206507253113372
2171.0,1.7836590866241642,6.20672592051236
2172.0,1.7828160301435803,6.2069438321505865
2173.0,1.7819727932653668,6.207160990257438
2174.0,1.7811293751282669,6.207377397055611
2175.0,1.7802857748740062,6.207593054761143
2176.0,1.77944199164728,6.2078079655834415
2177.0,1.778598024595739,6.208022131725311
2178.0,1.777753872869976,6.208235555382985
2179.0,1.7769095356235132,6.208448238746154
2180.0,1.7760650120127877,6.208660183997993
2181.0,1.775220301197139,6.208871393315191
2182.0,1.7743754023387963,6.20908186886798
2183.0,1.7735303146028645,6.209291612820159
2184.0,1.7726850371573122,6.20950062732913
2185.0,1.771839569172958,6.209708914545916
2186.0,1.7709939098234586,6.209916476615196
2187.0,1.7701480582852949,6.210123315675329
2188.0,1.7693020137377606,6.210329433858382
2189.0,1.7684557753629493,6.210534833290156
2190.0,1.7676093423457415,6.210739516090216
2191.0,1.7667627138737927,6.2109434843719145
2192.0,1.765915889137521,6.211146740242418
2193.0,1.7650688673300952,6.211349285802736
2194.0,1.7642216476474217,6.211551123147745
2195.0,1.7633742292881338,6.211752254366216
2196.0,1.7625266114535785,6.211952681540837
2197.0,1.761678793347805,6.212152406748245
2198.0,1.7608307741775533,6.212351432059045
2199.0,1.7599825531522417,6.21254975953784
2200.0,1.7591341294839555,6.212747391243252
2201.0,1.7582855023874358,6.212944329227953
2202.0,1.7574366710800666,6.213140575538683
2203.0,1.7565876347818647,6.21333613221628
2204.0,1.7557383927154682,6.213531001295703
2205.0,1.7548889441061237,6.213725184806055
2206.0,1.754039288181677,6.213918684770609
2207.0,1.753189424172561,6.214111503206832
2208.0,1.7523393513117838,6.214303642126408
2209.0,1.7514890688349192,6.214495103535263
2210.0,1.7506385759800944,6.214685889433589
2211.0,1.74978787198798,6.214876001815864
2212.0,1.7489369561017787,6.215065442670881
2213.0,1.7480858275672144,6.215254213981767
2214.0,1.747234485632522,6.215442317726008
2215.0,1.7463829295484359,6.2156297558754705
2216.0,1.7455311585681805,6.215816530396427
2217.0,1.7446791719474588,6.216002643249574
2218.0,1.7438269689444421,6.216188096390061
2219.0,1.7429745488197603,6.216372891767508
2220.0,1.7421219108364905,6.216557031326027
2221.0,1.7412690542601477,6.21674051700425
2222.0,1.7404159783586737,6.216923350735345
2223.0,1.739562682402428,6.217105534447041
2224.0,1.7387091656641767,6.217287070061649
2225.0,1.7378554274190832,6.217467959496082
2226.0,1.737001466944698,6.21764820466188
2227.0,1.7361472835209488,6.217827807465228
2228.0,1.7352928764301305,6.218006769806978
2229.0,1.7344382449568956,6.218185093582672
2230.0,1.7335833883882446,6.218362780682561
2231.0,1.7327283060135164,6.218539832991625
2232.0,1.731872997124378,6.218716252389596
2233.0,1.7310174610148161,6.218892040750978
2234.0,1.7301616969811264,6.219067199945066
2235.0,1.7293057043219053,6.219241731835966
2236.0,1.7284494823380399,6.21941563828262
2237.0,1.7275930303326985,6.219588921138819
2238.0,1.7267363476113218,6.219761582253229
2239.0,1.7258794334816137,6.219933623469406
2240.0,1.725022287253532,6.22010504662582
2241.0,1.724164908239279,6.22027585355587
2242.0,1.723307295753293,6.2204460460879085
2243.0,1.7224494491122389,6.220615626045257
2244.0,1.7215913676349999,6.220784595246226
2245.0,1.7207330506426677,6.220952955504136
2246.0,1.7198744974585345,6.221120708627334
2247.0,1.7190157074080836,6.221287856419214
2248.0,1.7181566798189813,6.221454400678235
2249.0,1.7172974140210677,6.221620343197941
2250.0,1.7164379093463484,6.221785685766976
2251.0,1.7155781651289856,6.221950430169108
2252.0,1.71471818070529,6.222114578183241
2253.0,1.713857955413712,6.2222781315834395
2254.0,1.712997488594834,6.222441092138941
2255.0,1.7121367795913607,6.2226034616141765
2256.0,1.711275827748112,6.2227652417687915
2257.0,1.710414632412014,6.222926434357657
2258.0,1.7095531929320913,6.223087041130892
2259.0,1.7086915086594585,6.223247063833881
2260.0,1.7078295789473124,6.223406504207289
2261.0,1.7069674031509234,6.223565363987081
2262.0,1.706104980627628,6.223723644904538
2263.0,1.7052423107368206,6.223881348686275
2264.0,1.7043793928399453,6.224038477054256
2265.0,1.7035162263004884,6.224195031725815
2266.0,1.7026528104839707,6.224351014413668
2267.0,1.701789144757939,6.2245064268259345
2268.0,1.700925228491959,6.22466127066615
2269.0,1.7000610610576072,6.224815547633286
2270.0,1.6991966418284639,6.224969259421763
2271.0,1.6983319701801045,6.22512240772147
2272.0,1.697467045490093,6.225274994217778
2273.0,1.6966018671379737,6.225427020591559
2274.0,1.695736434505264,6.225578488519201
2275.0,1.694870746975447,6.225729399672621
2276.0,1.694004803933964,6.225879755719285
2277.0,1.693138604768207,6.2260295583222245
2278.0,1.6922721488675125,6.2261788091400465
2279.0,1.691405435623152,6.2263275098269535
2280.0,1.690538464428327,6.226475662032759
2281.0,1.6896712346781602,6.226623267402902
2282.0,1.6888037457696896,6.2267703275784605
2283.0,1.6879359971018604,6.22691684419617
2284.0,1.6870679880755184,6.227062818888437
2285.0,1.6861997180934032,6.227208253283354
2286.0,1.6853311865601404,6.227353149004716
2287.0,1.6844623928822355,6.227497507672031
2288.0,1.6835933364680666,6.227641330900541
2289.0,1.6827240167278774,6.2277846203012315
2290.0,1.6818544330737708,6.227927377480849
2291.0,1.6809845849197014,6.228069604041915
2292.0,1.6801144716814695,6.22821130158274
2293.0,1.679244092776714,6.228352471697438
2294.0,1.6783734476249057,6.22849311597594
2295.0,1.6775025356473408,6.228633236004012
2296.0,1.6766313562671338,6.228772833363263
2297.0,1.6757599089092121,6.2289119096311625
2298.0,1.6748881930003081,6.229050466381056
2299.0,1.6740162079689533,6.229188505182177
2300.0,1.6731439532454722,6.229326027599658
