t,H,L
0.0,1.68,5.44
1.0,1.680260468333945,5.440127634371323
2.0,1.6805208152723337,5.440255395919518
3.0,1.6807810408002828,5.44038328467232
4.0,1.6810411449029619,5.440511300657323
5.0,1.6813011275655931,5.44063944390198
6.0,1.6815609887734513,5.440767714433605
7.0,1.6818207285118638,5.44089611227937
8.0,1.682080346766211,5.441024637466309
9.0,1.6823398435219263,5.441153290021312
10.0,1.6825992187644956,5.44128206997113
11.0,1.6828584724794577,5.441410977342375
12.0,1.683117604652405,5.441540012161515
13.0,1.6833766152689824,5.441669174454878
14.0,1.6836355043148883,5.441798464248651
15.0,1.6838942717758743,5.441927881568881
16.0,1.684152917637745,5.44205742644147
17.0,1.6844114418863585,5.442187098892181
18.0,1.6846698445076262,5.442316898946637
19.0,1.6849281254875133,5.442446826630316
20.0,1.685186284812038,5.442576881968556
21.0,1.6854443224672724,5.4427070649865525
22.0,1.685702238439342,5.4428373757093595
23.0,1.6859600327144262,5.442967814161889
24.0,1.686217705278758,5.443098380368911
25.0,1.686475256118624,5.44322907435505
26.0,1.6867326852203652,5.443359896144792
27.0,1.6869899925703762,5.44349084576248
28.0,1.6872471781551053,5.443621923232313
29.0,1.6875042419610553,5.443753128578348
30.0,1.6877611839747828,5.443884461824499
31.0,1.6880180041828985,5.444015922994537
32.0,1.6882747025720675,5.444147512112091
33.0,1.688531279129009,5.444279229200644
34.0,1.6887877338404969,5.444411074283539
35.0,1.6890440666933586,5.444543047383974
36.0,1.6893002776744768,5.444675148525006
37.0,1.6895563667707882,5.444807377729544
38.0,1.6898123339692843,5.444939735020357
39.0,1.6900681792570111,5.44507222042007
40.0,1.690323902621069,5.445204833951164
41.0,1.6905795040486136,5.445337575635974
42.0,1.6908349835268546,5.445470445496693
43.0,1.691090341043057,5.445603443555371
44.0,1.6913455765845409,5.445736569833913
45.0,1.6916006901386804,5.445869824354077
46.0,1.6918556816929056,5.446003207137481
47.0,1.6921105512347008,5.4461367182055955
48.0,1.6923652987516058,5.446270357579748
49.0,1.6926199242312157,5.446404125281122
50.0,1.6928744276611802,5.4465380213307535
51.0,1.693128809029205,5.446672045749537
52.0,1.6933830683230504,5.44680619855822
53.0,1.6936372055305324,5.446940479777406
54.0,1.6938912206395225,5.447074889427553
55.0,1.694145113637947,5.447209427528974
56.0,1.6943988845137887,5.447344094101837
57.0,1.6946525332550852,5.447478889166164
58.0,1.6949060598499301,5.447613812741833
59.0,1.6951594642864725,5.447748864848577
60.0,1.695412746552917,5.44788404550598
61.0,1.6956659066375244,5.448019354733483
62.0,1.695918944528611,5.4481547925503815
63.0,1.696171860214549,5.448290358975824
64.0,1.6964246536837668,5.448426054028814
65.0,1.6966773249247484,5.448561877728208
66.0,1.696929873926034,5.448697830092718
67.0,1.6971823006762194,5.448833911140909
68.0,1.6974346051639575,5.448970120891199
69.0,1.6976867873779564,5.449106459361862
70.0,1.6979388473069812,5.4492429265710225
71.0,1.6981907849398525,5.4493795225366615
72.0,1.6984426002654478,5.449516247276612
73.0,1.6986942932727005,5.449653100808559
74.0,1.698945863950601,5.449790083150044
75.0,1.6991973122881956,5.449927194318461
76.0,1.6994486382745873,5.450064434331054
77.0,1.6996998418989355,5.450201803204924
78.0,1.6999509231504568,5.450339300957023
79.0,1.7002018820184237,5.450476927604157
80.0,1.7004527184921658,5.450614683162984
81.0,1.7007034325610693,5.450752567650014
82.0,1.7009540242145773,5.4508905810816115
83.0,1.7012044934421897,5.451028723473993
84.0,1.7014548402334633,5.451166994843227
85.0,1.7017050645780119,5.451305395205236
86.0,1.701955166465506,5.451443924575793
87.0,1.7022051458856733,5.4515825829705244
88.0,1.7024550028282985,5.4517213704049095
89.0,1.7027047372832238,5.451860286894278
90.0,1.702954349240348,5.451999332453814
91.0,1.7032038386896275,5.45213850709855
92.0,1.7034532056210758,5.452277810843376
93.0,1.7037024500247635,5.45241724370303
94.0,1.703951571890819,5.452556805692102
95.0,1.7042005712094275,5.452696496825035
96.0,1.704449447970832,5.452836317116124
97.0,1.7046982021653334,5.4529762665795145
98.0,1.7049468337832892,5.453116345229204
99.0,1.705195342815115,5.453256553079042
100.0,1.7054437292512838,5.453396890142729
101.0,1.7056919930823267,5.453537356433817
102.0,1.7059401342988316,5.453677951965711
103.0,1.706188152891445,5.453818676751663
104.0,1.706436048850871,5.45395953080478
105.0,1.706683822167871,5.45410051413802
106.0,1.7069314728332647,5.4542416267641896
107.0,1.7071790008379297,5.45438286869595
108.0,1.7074264061728015,5.45452423994581
109.0,1.7076736888288735,5.454665740526131
110.0,1.707920848797197,5.454807370449125
111.0,1.7081678860688818,5.454949129726856
112.0,1.7084148006350954,5.455091018371236
113.0,1.7086615924870636,5.455233036394029
114.0,1.7089082616160702,5.455375183806851
115.0,1.7091548080134578,5.4555174606211665
116.0,1.7094012316706264,5.4556598668482925
117.0,1.709647532579035,5.455802402499394
118.0,1.7098937107302008,5.455945067585489
119.0,1.7101397661156992,5.456087862117444
120.0,1.7103856987271642,5.4562307861059764
121.0,1.710631508556288,5.456373839561654
122.0,1.7108771955948217,5.456517022494895
123.0,1.7111227598345746,5.456660334915966
124.0,1.711368201267415,5.456803776834986
125.0,1.711613519885269,5.456947348261924
126.0,1.7118587156801226,5.457091049206596
127.0,1.7121037886440191,5.457234879678672
128.0,1.7123487387690617,5.457378839687668
129.0,1.7125935660474116,5.457522929242953
130.0,1.7128382704712892,5.457667148353743
131.0,1.7130828520329737,5.457811497029106
132.0,1.713327310724803,5.457955975277959
133.0,1.7135716465391742,5.458100583109068
134.0,1.7138158594685429,5.458245320531049
135.0,1.714059949505424,5.458390187552367
136.0,1.7143039166423915,5.458535184181338
137.0,1.7145477608720783,5.458680310426127
138.0,1.7147914821871764,5.458825566294746
139.0,1.7150350805804369,5.4589709517950595
140.0,1.7152785560446702,5.45911646693478
141.0,1.7155219085727458,5.459262111721468
142.0,1.7157651381575925,5.459407886162536
143.0,1.7160082447921983,5.459553790265243
144.0,1.7162512284696105,5.459699824036699
145.0,1.7164940891829357,5.459845987483862
146.0,1.71673682692534,5.45999228061354
147.0,1.7169794416900488,5.4601387034323885
148.0,1.717221933470347,5.460285255946913
149.0,1.7174643022595786,5.4604319381634685
150.0,1.7177065480511475,5.460578750088257
151.0,1.7179486708385174,5.4607256917273315
152.0,1.718190670615211,5.460872763086592
153.0,1.7184325473748108,5.46101996417179
154.0,1.7186743011109586,5.461167294988521
155.0,1.7189159318173568,5.461314755542235
156.0,1.7191574394877664,5.461462345838226
157.0,1.7193988241160088,5.461610065881638
158.0,1.7196400856959648,5.461757915677465
159.0,1.7198812242215753,5.461905895230547
160.0,1.7201222396868407,5.462054004545576
161.0,1.7203631320858215,5.462202243627089
162.0,1.720603901412638,5.462350612479473
163.0,1.7208445476614702,5.462499111106964
164.0,1.7210850708265581,5.462647739513645
165.0,1.7213254709022021,5.462796497703448
166.0,1.721565747882762,5.462945385680155
167.0,1.721805901762658,5.463094403447393
168.0,1.72204593253637,5.463243551008639
169.0,1.7222858401984382,5.463392828367219
170.0,1.7225256247434633,5.463542235526306
171.0,1.7227652861661054,5.4636917724889225
172.0,1.723004824461085,5.463841439257937
173.0,1.723244239623183,5.463991235836068
174.0,1.7234835316472406,5.464141162225881
175.0,1.7237227005281586,5.464291218429791
176.0,1.7239617462608987,5.464441404450059
177.0,1.7242006688404827,5.464591720288796
178.0,1.7244394682619928,5.46474216594796
179.0,1.7246781445205714,5.464892741429356
180.0,1.7249166976114214,5.465043446734639
181.0,1.7251551275298058,5.46519428186531
182.0,1.7253934342710486,5.46534524682272
183.0,1.7256316178305338,5.465496341608065
184.0,1.7258696782037057,5.465647566222392
185.0,1.7261076153860697,5.465798920666595
186.0,1.7263454293731915,5.465950404941413
187.0,1.726583120160697,5.466102019047437
188.0,1.726820687744273,5.466253762985102
189.0,1.7270581321196672,5.466405636754693
190.0,1.727295453282687,5.466557640356344
191.0,1.7275326512292013,5.466709773790033
192.0,1.7277697259551394,5.466862037055588
193.0,1.7280066774564913,5.467014430152685
194.0,1.7282435057293075,5.467166953080846
195.0,1.7284802107696995,5.467319605839442
196.0,1.7287167925738394,5.467472388427693
197.0,1.7289532511379602,5.467625300844661
198.0,1.7291895864583557,5.467778343089263
199.0,1.7294257985313806,5.4679315151602585
200.0,1.7296618873534502,5.468084817056257
201.0,1.7298978529210407,5.468238248775713
202.0,1.7301336952306894,5.468391810316932
203.0,1.7303694142789945,5.468545501678065
204.0,1.730605010062615,5.468699322857111
205.0,1.7308404825782706,5.4688532738519156
206.0,1.7310758318227424,5.469007354660173
207.0,1.7313110577928723,5.469161565279424
208.0,1.7315461604855633,5.469315905707058
209.0,1.7317811398977794,5.469470375940311
210.0,1.7320159960265455,5.469624975976267
211.0,1.732250728868948,5.469779705811858
212.0,1.7324853384221337,5.469934565443861
213.0,1.732719824683311,5.470089554868903
214.0,1.7329541876497494,5.470244674083457
215.0,1.7331884273187794,5.4703999230838445
216.0,1.7334225436877926,5.470555301866234
217.0,1.7336565367542418,5.470710810426642
218.0,1.7338904065156413,5.470866448760931
219.0,1.7341241529695663,5.471022216864811
220.0,1.7343577761136533,5.471178114733841
221.0,1.7345912759456,5.4713341423634265
222.0,1.7348246524631652,5.47149029974882
223.0,1.7350579056641695,5.471646586885122
224.0,1.7352910355464943,5.471803003767279
225.0,1.7355240421080826,5.471959550390088
226.0,1.7357569253469387,5.472116226748191
227.0,1.7359896852611278,5.472273032836077
228.0,1.7362223218487771,5.472429968648084
229.0,1.7364548351080749,5.472587034178398
230.0,1.7366872250372705,5.472744229421049
231.0,1.7369194916346753,5.472901554369917
232.0,1.7371516348986615,5.47305900901873
233.0,1.737383654827663,5.4732165933610615
234.0,1.7376155514201754,5.473374307390333
235.0,1.7378473246747554,5.473532151099815
236.0,1.7380789745900211,5.473690124482624
237.0,1.7383105011646522,5.473848227531723
238.0,1.73854190439739,5.474006460239924
239.0,1.738773184287037,5.474164822599886
240.0,1.7390043408324578,5.474323314604115
241.0,1.739235374032578,5.474481936244966
242.0,1.739466283886385,5.47464068751464
243.0,1.7396970703929275,5.474799568405185
244.0,1.739927733551316,5.474958578908499
245.0,1.7401582733607224,5.475117719016324
246.0,1.7403886898203802,5.475276988720252
247.0,1.7406189829295848,5.475436388011723
248.0,1.740849152687693,5.475595916882023
249.0,1.741079199094123,5.475755575322284
250.0,1.741309122148355,5.47591536332349
251.0,1.7415389218499304,5.4760752808764686
252.0,1.7417685981984528,5.476235327971897
253.0,1.741998151193587,5.4763955046002994
254.0,1.7422275808350596,5.476555810752048
255.0,1.742456887122659,5.476716246417362
256.0,1.742686070056235,5.476876811586307
257.0,1.7429151296356995,5.4770375062488
258.0,1.7431440658610258,5.477198330394603
259.0,1.7433728787322489,5.477359284013326
260.0,1.7436015682494657,5.477520367094426
261.0,1.7438301344128346,5.47768157962721
262.0,1.7440585772225758,5.47784292160083
263.0,1.7442868966789715,5.478004393004288
264.0,1.7445150927823652,5.478165993826432
265.0,1.7447431655331624,5.47832772405596
266.0,1.7449711149318305,5.478489583681416
267.0,1.7451989409788984,5.4786515726911915
268.0,1.7454266436749566,5.478813691073527
269.0,1.7456542230206578,5.478975938816511
270.0,1.7458816790167164,5.479138315908079
271.0,1.7461090116639084,5.479300822336016
272.0,1.7463362209630717,5.479463458087952
273.0,1.7465633069151059,5.479626223151369
274.0,1.7467902695209725,5.479789117513594
275.0,1.7470171087816946,5.479952141161802
276.0,1.7472438246983575,5.480115294083018
277.0,1.747470417272108,5.480278576264114
278.0,1.747696886504155,5.48044198769181
279.0,1.7479232323957685,5.480605528352674
280.0,1.7481494549482812,5.480769198233123
281.0,1.7483755541630872,5.48093299731942
282.0,1.7486015300416424,5.481096925597679
283.0,1.7488273825854646,5.481260983053862
284.0,1.7490531117961334,5.481425169673777
285.0,1.7492787176752904,5.481589485443083
286.0,1.7495042002246388,5.481753930347284
287.0,1.7497295594459437,5.481918504371736
288.0,1.7499547953410322,5.482083207501641
289.0,1.750179907911793,5.482248039722051
290.0,1.7504048971601767,5.482413001017865
291.0,1.7506297630881957,5.482578091373831
292.0,1.7508545056979246,5.482743310774547
293.0,1.7510791249914992,5.4829086592044565
294.0,1.7513036209711177,5.483074136647854
295.0,1.75152799363904,5.483239743088883
296.0,1.7517522429975876,5.483405478511534
297.0,1.7519763690491441,5.483571342899646
298.0,1.7522003717961547,5.483737336236909
299.0,1.7524242512411268,5.48390345850686
300.0,1.7526480073866293,5.484069709692885
301.0,1.7528716402352928,5.484236089778219
302.0,1.7530951497898104,5.4844025987459455
303.0,1.7533185360529362,5.484569236578999
304.0,1.7535417990274866,5.48473600326016
305.0,1.7537649387163399,5.48490289877206
306.0,1.753987955122436,5.485069923097179
307.0,1.7542108482487766,5.485237076217846
308.0,1.7544336180984252,5.485404358116239
309.0,1.7546562646745074,5.485571768774386
310.0,1.7548787879802104,5.485739308174162
311.0,1.755101188018783,5.4859069762972945
312.0,1.755323464793536,5.486074773125359
313.0,1.7555456183078422,5.486242698639779
314.0,1.7557676485651357,5.486410752821828
315.0,1.755989555568913,5.486578935652631
316.0,1.7562113393227317,5.486747247113159
317.0,1.7564329998302117,5.4869156871842355
318.0,1.7566545370950344,5.487084255846533
319.0,1.756875951120943,5.487252953080572
320.0,1.7570972419117425,5.487421778866724
321.0,1.7573184094712997,5.487590733185211
322.0,1.757539453803543,5.487759816016103
323.0,1.7577603749124626,5.487929027339321
324.0,1.7579811728021106,5.4880983671346355
325.0,1.7582018474766006,5.4882678353816665
326.0,1.7584223989401078,5.488437432059884
327.0,1.7586428271968693,5.48860715714861
328.0,1.758863132251184,5.488777010627013
329.0,1.7590833141074125,5.488946992474115
330.0,1.7593033727699765,5.489117102668787
331.0,1.7595233082433601,5.4892873411897485
332.0,1.7597431205321088,5.489457708015572
333.0,1.7599628096408297,5.4896282031246795
334.0,1.7601823755741917,5.489798826495342
335.0,1.760401818336925,5.489969578105683
336.0,1.7606211379338217,5.490140457933674
337.0,1.7608403343697356,5.490311465957141
338.0,1.7610594076495818,5.490482602153756
339.0,1.7612783577783373,5.490653866501045
340.0,1.7614971847610403,5.4908252589763835
341.0,1.7617158886027913,5.490996779556998
342.0,1.7619344693087513,5.491168428219964
343.0,1.7621529268841438,5.491340204942213
344.0,1.7623712613342535,5.491512109700521
345.0,1.7625894726644264,5.491684142471519
346.0,1.7628075608800704,5.49185630323169
347.0,1.7630255259866545,5.492028591957364
348.0,1.7632433679897097,5.492201008624726
349.0,1.763461086894828,5.492373553209811
350.0,1.7636786827076631,5.492546225688504
351.0,1.7638961554339303,5.492719026036544
352.0,1.764113505079406,5.492891954229518
353.0,1.764330731649928,5.493065010242868
354.0,1.764547835151396,5.493238194051886
355.0,1.7647648155897706,5.493411505631716
356.0,1.7649816729710741,5.4935849449573535
357.0,1.7651984073013902,5.493758512003645
358.0,1.7654150185868636,5.493932206745291
359.0,1.7656315068337005,5.494106029156842
360.0,1.7658478720481687,5.4942799792127
361.0,1.766064114236597,5.494454056887121
362.0,1.7662802334053753,5.494628262154213
363.0,1.7664962295609554,5.4948025949879336
364.0,1.76671210270985,5.494977055362096
365.0,1.7669278528586332,5.495151643250363
366.0,1.7671434800139398,5.495326358626252
367.0,1.7673589841824666,5.4955012014631315
368.0,1.767574365370971,5.495676171734223
369.0,1.7677896235862718,5.4958512694126
370.0,1.768004758835249,5.496026494471189
371.0,1.7682197711248437,5.49620184688277
372.0,1.7684346604620582,5.496377326619975
373.0,1.7686494268539559,5.496552933655289
374.0,1.768864070307661,5.49672866796105
375.0,1.7690785908303592,5.496904529509449
376.0,1.7692929884292972,5.497080518272531
377.0,1.7695072631117823,5.497256634222193
378.0,1.7697214148851832,5.497432877330185
379.0,1.7699354437569295,5.497609247568112
380.0,1.7701493497345118,5.497785744907431
381.0,1.7703631328254816,5.4979623693194535
382.0,1.7705767930374516,5.498139120775343
383.0,1.770790330378095,5.498315999246118
384.0,1.7710037448551461,5.498493004702651
385.0,1.7712170364764004,5.498670137115667
386.0,1.7714302052497135,5.498847396455746
387.0,1.7716432511830025,5.499024782693322
388.0,1.7718561742842451,5.499202295798682
389.0,1.7720689745614797,5.499379935741968
390.0,1.7722816520228057,5.499557702493175
391.0,1.772494206676383,5.499735596022155
392.0,1.7727066385304322,5.499913616298611
393.0,1.772918947593235,5.500091763292102
394.0,1.7731311338731333,5.500270036972043
395.0,1.7733431973785299,5.500448437307701
396.0,1.7735551381178882,5.500626964268199
397.0,1.7737669560997325,5.5008056178225155
398.0,1.7739786513326472,5.500984397939483
399.0,1.7741902238252774,5.501163304587789
400.0,1.7744016735863288,5.5013423377359745
401.0,1.774613000624568,5.501521497352439
402.0,1.7748242049488214,5.501700783405434
403.0,1.7750352865679764,5.50188019586307
404.0,1.7752462454909805,5.502059734693308
405.0,1.7754570817268418,5.502239399863969
406.0,1.775667795284629,5.502419191342726
407.0,1.7758783861734706,5.502599109097111
408.0,1.776088854402556,5.502779153094509
409.0,1.7762991999811346,5.502959323302162
410.0,1.7765094229185163,5.503139619687167
411.0,1.7767195232240711,5.50332004221648
412.0,1.7769295009072292,5.503500590856908
413.0,1.7771393559774813,5.5036812655751195
414.0,1.7773490884443781,5.503862066337636
415.0,1.7775586983175304,5.5040429931108354
416.0,1.7777681856066092,5.504224045860955
417.0,1.7779775503213455,5.504405224554085
418.0,1.7781867924715307,5.504586529156174
419.0,1.7783959120670159,5.5047679596330275
420.0,1.7786049091177123,5.504949515950307
421.0,1.778813783633591,5.505131198073532
422.0,1.7790225356246838,5.505313005968079
423.0,1.7792311651010813,5.5054949395991795
424.0,1.7794396720729346,5.505676998931926
425.0,1.7796480565504549,5.505859183931264
426.0,1.7798563185439127,5.506041494562
427.0,1.7800644580636389,5.506223930788797
428.0,1.7802724751200236,5.506406492576174
429.0,1.7804803697235172,5.506589179888509
430.0,1.7806881418846294,5.506771992690039
431.0,1.7808957916139299,5.5069549309448576
432.0,1.7811033189220478,5.507137994616915
433.0,1.7813107238196721,5.507321183670022
434.0,1.7815180063175513,5.507504498067847
435.0,1.7817251664264935,5.507687937773916
436.0,1.7819322041573662,5.5078715027516125
437.0,1.7821391195210965,5.508055192964181
438.0,1.7823459125286711,5.508239008374724
439.0,1.7825525831911362,5.5084229489462
440.0,1.782759131519597,5.50860701464143
441.0,1.7829655575252186,5.508791205423091
442.0,1.783171861219225,5.508975521253722
443.0,1.7833780426129,5.509159962095719
444.0,1.7835841017175862,5.509344527911337
445.0,1.7837900385446857,5.509529218662692
446.0,1.7839958531056597,5.509714034311758
447.0,1.7842015454120288,5.509898974820368
448.0,1.7844071154753727,5.510084040150218
449.0,1.78461256330733,5.51026923026286
450.0,1.7848178889195987,5.510454545119708
451.0,1.7850230923239356,5.510639984682035
452.0,1.7852281735321565,5.510825548910974
453.0,1.7854331325561363,5.511011237767519
454.0,1.785637969407809,5.511197051212525
455.0,1.7858426840991672,5.511382989206705
456.0,1.7860472766422626,5.511569051710635
457.0,1.7862517470492054,5.511755238684748
458.0,1.786456095332165,5.511941550089343
459.0,1.7866603215033696,5.512127985884576
460.0,1.7868644255751056,5.512314546030465
461.0,1.7870684075597185,5.51250123048689
462.0,1.7872722674696127,5.51268803921359
463.0,1.7874760053172505,5.512874972170168
464.0,1.7876796211151535,5.513062029316087
465.0,1.7878831148759016,5.51324921061067
466.0,1.7880864866121329,5.513436516013105
467.0,1.7882897363365444,5.513623945482439
468.0,1.7884928640618913,5.513811498977582
469.0,1.7886958698009874,5.513999176457307
470.0,1.7888987535667045,5.514186977880246
471.0,1.789101515371973,5.514374903204896
472.0,1.7893041552297815,5.514562952389616
473.0,1.789506673153177,5.5147511253926265
474.0,1.7897090691552644,5.514939422172011
475.0,1.789911343249207,5.515127842685716
476.0,1.7901134954482263,5.515316386891551
477.0,1.7903155257656014,5.515505054747187
478.0,1.79051743421467,5.5156938462101595
479.0,1.7907192208088274,5.515882761237866
480.0,1.7909208855615273,5.516071799787568
481.0,1.791122428486281,5.516260961816391
482.0,1.7913238495966577,5.516450247281322
483.0,1.7915251489062847,5.516639656139215
484.0,1.7917263264288465,5.516829188346783
485.0,1.7919273821780863,5.517018843860607
486.0,1.792128316167804,5.517208622637131
487.0,1.792329128411858,5.517398524632663
488.0,1.792529818924164,5.517588549803373
489.0,1.792730387718695,5.5177786981053
490.0,1.7929308348094821,5.5179689694943415
491.0,1.7931311602106137,5.518159363926265
492.0,1.7933313639362356,5.5183498813567
493.0,1.793531446000551,5.5185405217411425
494.0,1.7937314064178205,5.518731285034951
495.0,1.7939312452023621,5.518922171193352
496.0,1.7941309623685513,5.519113180171434
497.0,1.7943305579308204,5.519304311924154
498.0,1.7945300319036592,5.5194955664063325
499.0,1.7947293843016145,5.5196869435726565
500.0,1.7949286151392907,5.519878443377679
501.0,1.7951277244313486,5.520070065775817
502.0,1.7953267121925065,5.520261810721356
503.0,1.7955255784375395,5.5204536781684475
504.0,1.7957243231812796,5.520645668071106
505.0,1.795922946438616,5.520837780383216
506.0,1.7961214482244943,5.5210300150585265
507.0,1.7963198285539173,5.521222372050654
508.0,1.7965180874419442,5.521414851313081
509.0,1.7967162249036914,5.5216074527991585
510.0,1.7969142409543317,5.521800176462102
511.0,1.7971121356090944,5.521993022254996
512.0,1.7973099088832658,5.522185990130793
513.0,1.7975075607921882,5.5223790800423105
514.0,1.7977050913512607,5.522572291942235
515.0,1.7979025005759388,5.522765625783121
516.0,1.7980997884817345,5.52295908151739
517.0,1.7982969550842158,5.523152659097333
518.0,1.7984940003990075,5.523346358475106
519.0,1.7986909244417904,5.523540179602735
520.0,1.7988877272283013,5.523734122432116
521.0,1.7990844087743334,5.523928186915011
522.0,1.7992809690957359,5.524122373003052
523.0,1.7994774082084144,5.524316680647739
524.0,1.79967372612833,5.524511109800441
525.0,1.7998699228715,5.524705660412397
526.0,1.800065998453998,5.524900332434713
527.0,1.8002619528919528,5.525095125818367
528.0,1.8004577862015494,5.5252900405142045
529.0,1.8006534983990283,5.5254850764729415
530.0,1.8008490895006863,5.525680233645163
531.0,1.8010445595228752,5.525875511981324
532.0,1.8012399084820028,5.52607091143175
533.0,1.8014351363945325,5.526266431946637
534.0,1.8016302432769828,5.52646207347605
535.0,1.8018252291459282,5.5266578359699245
536.0,1.8020200940179985,5.526853719378067
537.0,1.8022148379098786,5.527049723650157
538.0,1.802409460838309,5.527245848735739
539.0,1.8026039628200854,5.527442094584234
540.0,1.8027983438720585,5.527638461144933
541.0,1.8029926040111346,5.527834948366996
542.0,1.8031867432542747,5.528031556199456
543.0,1.8033807616184951,5.528228284591217
544.0,1.8035746591208672,5.528425133491055
545.0,1.803768435778517,5.528622102847619
546.0,1.8039620916086259,5.528819192609427
547.0,1.8041556266284295,5.529016402724872
548.0,1.804349040855219,5.529213733142217
549.0,1.8045423343063396,5.529411183809599
550.0,1.8047355069991917,5.529608754675027
551.0,1.8049285589512303,5.529806445686383
552.0,1.8051214901799646,5.530004256791421
553.0,1.8053143007029588,5.5302021879377685
554.0,1.8055069905378316,5.530400239072926
555.0,1.8056995597022556,5.530598410144267
556.0,1.8058920082139585,5.53079670109904
557.0,1.8060843360907215,5.530995111884364
558.0,1.806276543350381,5.531193642447234
559.0,1.8064686300108268,5.531392292734519
560.0,1.8066605960900035,5.53159106269296
561.0,1.8068524416059095,5.5317899522691745
562.0,1.807044166576597,5.531988961409653
563.0,1.807235771020173,5.532188090060761
564.0,1.8074272549547974,5.532387338168737
565.0,1.8076186183986849,5.532586705679697
566.0,1.8078098613701035,5.532786192539629
567.0,1.808000983887375,5.532985798694398
568.0,1.8081919859688753,5.533185524089743
569.0,1.8083828676330336,5.533385368671279
570.0,1.808573628898333,5.533585332384497
571.0,1.8087642697833097,5.533785415174763
572.0,1.808954790306554,5.533985616987318
573.0,1.809145190486709,5.53418593776728
574.0,1.809335470342472,5.534386377459643
575.0,1.8095256298925928,5.534586936009276
576.0,1.8097156691558751,5.534787613360927
577.0,1.8099055881511754,5.534988409459219
578.0,1.8100953868974035,5.53518932424865
579.0,1.8102850654135223,5.535390357673598
580.0,1.8104746237185478,5.535591509678316
581.0,1.810664061831549,5.535792780206934
582.0,1.8108533797716477,5.5359941692034615
583.0,1.8110425775580188,5.536195676611783
584.0,1.8112316552098897,5.536397302375661
585.0,1.8114206127465409,5.536599046438738
586.0,1.8116094501873052,5.536800908744532
587.0,1.8117981675515684,5.5370028892364385
588.0,1.8119867648587686,5.537204987857734
589.0,1.8121752421283968,5.537407204551572
590.0,1.812363599379996,5.537609539260984
591.0,1.8125518366331619,5.537811991928882
592.0,1.8127399539075424,5.538014562498054
593.0,1.8129279512228378,5.53821725091117
594.0,1.8131158285988007,5.538420057110776
595.0,1.8133035860552356,5.5386229810393015
596.0,1.813491223611999,5.538826022639052
597.0,1.8136787412890003,5.5390291818522135
598.0,1.8138661391061996,5.5392324586208534
599.0,1.81405341708361,5.539435852886917
600.0,1.814240575241296,5.53963936459223
601.0,1.814427613599374,5.5398429936785005
602.0,1.814614532178012,5.540046740087314
603.0,1.81480133099743,5.54025060376014
604.0,1.8149880100778992,5.540454584638326
605.0,1.8151745694397425,5.5406586826631
606.0,1.8153610091033345,5.540862897775574
607.0,1.815547329089101,5.541067229916739
608.0,1.8157335294175196,5.541271679027469
609.0,1.8159196101091186,5.541476245048518
610.0,1.8161055711844778,5.541680927920522
611.0,1.8162914126642282,5.541885727584001
612.0,1.8164771345690522,5.542090643979353
613.0,1.816662736919683,5.542295677046863
614.0,1.8168482197369047,5.5425008267266955
615.0,1.8170335830415525,5.542706092958897
616.0,1.8172188268545124,5.5429114756833995
617.0,1.8174039511967213,5.543116974840014
618.0,1.8175889560891667,5.543322590368439
619.0,1.8177738415528872,5.543528322208253
620.0,1.8179586076089715,5.543734170298919
621.0,1.8181432542785592,5.543940134579782
622.0,1.81832778158284,5.544146214990074
623.0,1.8185121895430547,5.544352411468909
624.0,1.818696478180494,5.544558723955284
625.0,1.8188806475164987,5.544765152388081
626.0,1.8190646975724605,5.544971696706067
627.0,1.8192486283698206,5.545178356847893
628.0,1.819432439930071,5.545385132752096
629.0,1.819616132274753,5.545592024357095
630.0,1.8197997054254584,5.545799031601197
631.0,1.819983159403829,5.546006154422592
632.0,1.8201664942315559,5.546213392759356
633.0,1.8203497099303805,5.546420746549453
634.0,1.8205328065220938,5.546628215730728
635.0,1.8207157840285364,5.546835800240915
636.0,1.8208986424715983,5.547043500017635
637.0,1.8210813818732194,5.547251314998392
638.0,1.821264002255389,5.547459245120579
639.0,1.8214465036401455,5.547667290321474
640.0,1.8216288860495768,5.547875450538243
641.0,1.8218111495058205,5.548083725707937
642.0,1.8219932940310626,5.548292115767497
643.0,1.8221753196475388,5.548500620653749
644.0,1.8223572263775334,5.548709240303405
645.0,1.8225390142433804,5.54891797465307
646.0,1.822720683267462,5.54912682363923
647.0,1.8229022334722098,5.549335787198264
648.0,1.8230836648801039,5.549544865266436
649.0,1.8232649775136733,5.549754057779901
650.0,1.8234461713954957,5.549963364674699
651.0,1.823627246548197,5.550172785886763
652.0,1.8238082029944522,5.5503823213519095
653.0,1.8239890407569843,5.550591971005849
654.0,1.8241697598585649,5.550801734784177
655.0,1.824350360322014,5.551011612622382
656.0,1.8245308421701996,5.551221604455839
657.0,1.8247112054260382,5.551431710219814
658.0,1.8248914501124942,5.5516419298494615
659.0,1.8250715762525802,5.551852263279828
660.0,1.8252515838693568,5.55206271044585
661.0,1.8254314729859324,5.552273271282353
662.0,1.8256112436254635,5.5524839457240525
663.0,1.8257908958111537,5.5526947337055566
664.0,1.825970429566255,5.552905635161363
665.0,1.8261498449140672,5.553116650025861
666.0,1.8263291418779368,5.553327778233331
667.0,1.8265083204812587,5.553539019717944
668.0,1.8266873807474746,5.553750374413765
669.0,1.8268663227000739,5.553961842254747
670.0,1.8270451463625932,5.5541734231747375
671.0,1.8272238517586163,5.554385117107476
672.0,1.8274024389117745,5.554596923986593
673.0,1.8275809078457455,5.5548088437456125
674.0,1.8277592585842546,5.5550208763179505
675.0,1.827937491151074,5.555233021636917
676.0,1.8281156055700223,5.5554452796357126
677.0,1.8282936018649654,5.555657650247434
678.0,1.8284714800598159,5.555870133405069
679.0,1.8286492401785328,5.556082729041499
680.0,1.8288268822451221,5.556295437089501
681.0,1.829004406283636,5.5565082574817435
682.0,1.829181812318173,5.556721190150791
683.0,1.8293591003728782,5.5569342350291
684.0,1.8295362704719433,5.557147392049025
685.0,1.8297133226396058,5.557360661142811
686.0,1.8298902569001496,5.557574042242599
687.0,1.8300670732779047,5.557787535280427
688.0,1.830243771797247,5.558001140188225
689.0,1.8304203524825984,5.558214856897822
690.0,1.8305968153584267,5.558428685340938
691.0,1.8307731604492454,5.558642625449192
692.0,1.8309493877796141,5.558856677154098
693.0,1.8311254973741378,5.559070840387066
694.0,1.8313014892574668,5.559285115079401
695.0,1.8314773634542978,5.559499501162307
696.0,1.831653119989372,5.559713998566882
697.0,1.8318287588874764,5.559928607224122
698.0,1.8320042801734435,5.560143327064918
699.0,1.8321796838721507,5.560358158020062
700.0,1.8323549700085207,5.56057310002024
701.0,1.8325301386075212,5.560788152996036
702.0,1.832705189694165,5.561003316877933
703.0,1.8328801232935101,5.561218591596311
704.0,1.8330549394306588,5.561433977081447
705.0,1.8332296381307587,5.561649473263517
706.0,1.8334042194190017,5.561865080072597
707.0,1.8335786833206247,5.562080797438658
708.0,1.833753029860909,5.562296625291573
709.0,1.8339272590651807,5.562512563561112
710.0,1.8341013709588099,5.562728612176946
711.0,1.8342753655672113,5.5629447710686435
712.0,1.8344492429158439,5.563161040165673
713.0,1.8346230030302106,5.563377419397402
714.0,1.834796645935859,5.5635939086931
715.0,1.83497017165838,5.563810507981935
716.0,1.8351435802234093,5.564027217192973
717.0,1.835316871656626,5.564244036255185
718.0,1.835490045983753,5.56446096509744
719.0,1.8356631032305575,5.564678003648507
720.0,1.8358360434228498,5.564895151837058
721.0,1.836008866586484,5.5651124095916655
722.0,1.8361815727473578,5.565329776840802
723.0,1.8363541619314125,5.565547253512841
724.0,1.8365266341646325,5.565764839536062
725.0,1.8366989894730454,5.565982534838642
726.0,1.8368712278827226,5.566200339348661
727.0,1.8370433494197782,5.5664182529941035
728.0,1.8372153541103697,5.566636275702853
729.0,1.8373872419806974,5.566854407402699
730.0,1.8375590130570043,5.567072648021331
731.0,1.8377306673655769,5.567290997486343
732.0,1.8379022049327438,5.567509455725232
733.0,1.8380736257848769,5.567728022665398
734.0,1.8382449299483905,5.567946698234144
735.0,1.8384161174497413,5.568165482358679
736.0,1.8385871883154288,5.568384374966113
737.0,1.8387581425719943,5.5686033759834626
738.0,1.8389289802460222,5.568822485337647
739.0,1.8390997013641388,5.569041702955491
740.0,1.8392703059530127,5.569261028763722
741.0,1.8394407940393542,5.5694804626889765
742.0,1.8396111656499161,5.569700004657792
743.0,1.839781420811493,5.569919654596611
744.0,1.8399515595509215,5.570139412431786
745.0,1.8401215818950796,5.57035927808957
746.0,1.8402914878708871,5.570579251496126
747.0,1.840461277505306,5.5707993325775185
748.0,1.8406309508253391,5.571019521259722
749.0,1.8408005078580314,5.571239817468617
750.0,1.8409699486304687,5.571460221129987
751.0,1.8411392731697787,5.571680732169527
752.0,1.8413084815031298,5.571901350512837
753.0,1.8414775736577318,5.572122076085423
754.0,1.8416465496608359,5.572342908812699
755.0,1.8418154095397339,5.572563848619986
756.0,1.841984153321759,5.572784895432516
757.0,1.8421527810342846,5.573006049175424
758.0,1.8423212927047254,5.573227309773756
759.0,1.8424896883605368,5.573448677152466
760.0,1.8426579680292148,5.573670151236415
761.0,1.8428261317382957,5.573891731950376
762.0,1.8429941795153566,5.574113419219026
763.0,1.843162111388015,5.574335212966955
764.0,1.8433299273839283,5.574557113118661
765.0,1.8434976275307948,5.57477911959855
766.0,1.8436652118563523,5.57500123233094
767.0,1.8438326803883793,5.575223451240056
768.0,1.844000033154694,5.575445776250037
769.0,1.8441672701831544,5.575668207284928
770.0,1.8443343915016586,5.575890744268687
771.0,1.8445013971381445,5.576113387125181
772.0,1.8446682871205895,5.576336135778189
773.0,1.8448350614770108,5.5765589901514
774.0,1.845001720235465,5.576781950168415
775.0,1.845168263424048,5.577005015752745
776.0,1.8453346910708959,5.5772281868278135
777.0,1.845501003204183,5.577451463316955
778.0,1.8456671998521235,5.577674845143418
779.0,1.8458332810429705,5.577898332230361
780.0,1.8459992468050164,5.578121924500854
781.0,1.8461650971665924,5.578345621877881
782.0,1.8463308321560687,5.57856942428434
783.0,1.8464964518018543,5.5787933316430385
784.0,1.846661956132397,5.5790173438767
785.0,1.846827345176183,5.5792414609079595
786.0,1.8469926189617374,5.579465682659365
787.0,1.8471577775176238,5.579690009053381
788.0,1.847322820872444,5.5799144400123835
789.0,1.8474877490548383,5.580138975458662
790.0,1.8476525620934854,5.580363615314422
791.0,1.8478172600171021,5.580588359501781
792.0,1.8479818428544432,5.580813207942774
793.0,1.8481463106343017,5.581038160559349
794.0,1.8483106633855084,5.58126321727337
795.0,1.8484749011369321,5.581488378006615
796.0,1.8486390239174793,5.581713642680777
797.0,1.8488030317560942,5.581939011217466
798.0,1.8489669246817588,5.582164483538208
799.0,1.8491307027234927,5.582390059564444
800.0,1.8492943659103525,5.582615739217531
801.0,1.8494579142714327,5.582841522418743
802.0,1.849621347835865,5.583067409089269
803.0,1.8497846666328182,5.583293399150216
804.0,1.8499478706914982,5.583519492522609
805.0,1.8501109600411483,5.5837456891273884
806.0,1.8502739347110486,5.583971988885412
807.0,1.850436794730516,5.584198391717456
808.0,1.8505995401289044,5.584424897544213
809.0,1.8507621709356041,5.584651506286294
810.0,1.8509246871800427,5.5848782178642296
811.0,1.851087088891684,5.5851050321984665
812.0,1.8512493761000282,5.585331949209371
813.0,1.8514115488346121,5.585558968817227
814.0,1.8515736071250088,5.585786090942239
815.0,1.851735551000828,5.58601331550453
816.0,1.851897380491715,5.5862406424241415
817.0,1.8520590956273515,5.5864680716210335
818.0,1.8522206964374552,5.586695603015088
819.0,1.8523821829517797,5.586923236526106
820.0,1.8525435552001146,5.5871509720738075
821.0,1.8527048132122852,5.587378809577834
822.0,1.8528659570181525,5.5876067489577474
823.0,1.853026986647613,5.587834790133029
824.0,1.8531879021305988,5.588062933023082
825.0,1.8533487034970775,5.588291177547229
826.0,1.8535093907770521,5.588519523624717
827.0,1.853669964000561,5.58874797117471
828.0,1.8538304231976774,5.588976520116297
829.0,1.85399076839851,5.589205170368489
830.0,1.8541509996332024,5.589433921850216
831.0,1.8543111169319333,5.589662774480333
832.0,1.8544711203249162,5.589891728177615
833.0,1.8546310098423993,5.590120782860762
834.0,1.8547907855146655,5.590349938448394
835.0,1.8549504473720326,5.590579194859058
836.0,1.8551099954448529,5.590808552011219
837.0,1.8552694297635128,5.5910380098232695
838.0,1.8554287503584337,5.5912675682135236
839.0,1.8555879572600706,5.59149722710022
840.0,1.8557470504989133,5.59172698640152
841.0,1.8559060301054857,5.591956846035511
842.0,1.8560648961103454,5.5921868059202025
843.0,1.8562236485440844,5.59241686597353
844.0,1.8563822874373281,5.5926470261133545
845.0,1.8565408128207364,5.592877286257459
846.0,1.8566992247250023,5.5931076463235545
847.0,1.8568575231808528,5.593338106229275
848.0,1.8570157082190486,5.593568665892183
849.0,1.8571737798703833,5.593799325229763
850.0,1.8573317381656846,5.594030084159428
851.0,1.8574895831358131,5.594260942598516
852.0,1.8576473148116628,5.594491900464292
853.0,1.8578049332241606,5.594722957673946
854.0,1.857962438404267,5.594954114144597
855.0,1.8581198303829751,5.595185369793289
856.0,1.858277109191311,5.595416724536994
857.0,1.8584342748603337,5.595648178292611
858.0,1.858591327421135,5.595879730976964
859.0,1.858748266904839,5.59611138250681
860.0,1.8589050933426028,5.59634313279883
861.0,1.8590618067656157,5.596574981769633
862.0,1.8592184072051,5.596806929335758
863.0,1.8593748946923094,5.59703897541367
864.0,1.8595312692585306,5.597271119919767
865.0,1.8596875309350822,5.59750336277037
866.0,1.859843679753315,5.5977357038817335
867.0,1.8599997157446118,5.59796814317004
868.0,1.860155638940387,5.5982006805514
869.0,1.8603114493720874,5.598433315941856
870.0,1.8604671470711909,5.598666049257378
871.0,1.8606227320692077,5.598898880413868
872.0,1.8607782043976793,5.599131809327156
873.0,1.8609335640881786,5.599364835913005
874.0,1.8610888111723103,5.599597960087106
875.0,1.86124394568171,5.599831181765083
876.0,1.861398967648045,5.600064500862489
877.0,1.8615538771030133,5.60029791729481
878.0,1.8617086740783444,5.600531430977463
879.0,1.8618633586057987,5.600765041825794
880.0,1.8620179307171674,5.600998749755085
881.0,1.8621723904442726,5.601232554680547
882.0,1.8623267378189674,5.601466456517325
883.0,1.8624809728731353,5.601700455180493
884.0,1.8626350956386906,5.601934550585062
885.0,1.8627891061475779,5.602168742645973
886.0,1.8629430044317723,5.6024030312781
887.0,1.8630967905232794,5.602637416396251
888.0,1.8632504644541348,5.602871897915168
889.0,1.8634040262564044,5.603106475749525
890.0,1.8635574759621845,5.603341149813929
891.0,1.863710813603601,5.603575920022924
892.0,1.8638640392128099,5.603810786290985
893.0,1.864017152821997,5.604045748532524
894.0,1.8641701544633782,5.604280806661886
895.0,1.8643230441691987,5.60451596059335
896.0,1.8644758219717332,5.6047512102411305
897.0,1.8646284879032864,5.604986555519378
898.0,1.8647810419961919,5.605221996342179
899.0,1.8649334842828131,5.605457532623552
900.0,1.8650858147955425,5.605693164277454
901.0,1.8652380335668017,5.605928891217777
902.0,1.8653901406290416,5.606164713358351
903.0,1.865542136014742,5.606400630612938
904.0,1.8656940197564114,5.60663664289524
905.0,1.8658457918865876,5.606872750118895
906.0,1.8659974524378369,5.6071089521974775
907.0,1.8661490014427544,5.607345249044499
908.0,1.8663004389339637,5.607581640573408
909.0,1.866451764944117,5.607818126697592
910.0,1.8666029795058952,5.608054707330373
911.0,1.8667540826520068,5.608291382385015
912.0,1.8669050744151894,5.608528151774715
913.0,1.8670559548282084,5.608765015412613
914.0,1.8672067239238574,5.609001973211786
915.0,1.8673573817349578,5.609239025085247
916.0,1.8675079282943592,5.6094761709459515
917.0,1.867658363634939,5.609713410706791
918.0,1.8678086877896025,5.609950744280599
919.0,1.8679589007912822,5.6101881715801465
920.0,1.8681090026729388,5.610425692518144
921.0,1.8682589934675602,5.610663307007243
922.0,1.8684088732081618,5.610901014960034
923.0,1.8685586419277864,5.611138816289048
924.0,1.868708299659504,5.6113767109067565
925.0,1.8688578464364116,5.611614698725571
926.0,1.869007282291634,5.611852779657845
927.0,1.8691566072583223,5.612090953615871
928.0,1.869305821369655,5.612329220511885
929.0,1.869454924658837,5.612567580258062
930.0,1.8696039171591006,5.612806032766521
931.0,1.8697527989037042,5.613044577949321
932.0,1.8699015699259331,5.613283215718463
933.0,1.8700502302590991,5.61352194598589
934.0,1.8701987799365405,5.6137607686634885
935.0,1.8703472189916217,5.613999683663087
936.0,1.8704955474577336,5.614238690896456
937.0,1.8706437653682935,5.61447779027531
938.0,1.8707918727567443,5.614716981711306
939.0,1.8709398696565553,5.614956265116043
940.0,1.8710877561012216,5.615195640401067
941.0,1.8712355321242642,5.615435107477865
942.0,1.87138319775923,5.615674666257866
943.0,1.8715307530396912,5.615914316652448
944.0,1.871678197999246,5.61615405857293
945.0,1.8718255326715183,5.616393891930576
946.0,1.8719727570901568,5.616633816636594
947.0,1.872119871288836,5.616873832602138
948.0,1.8722668753012557,5.617113939738307
949.0,1.8724137691611407,5.617354137956146
950.0,1.872560552902241,5.617594427166642
951.0,1.872707226558332,5.617834807280731
952.0,1.8728537901632134,5.618075278209294
953.0,1.87300024375071,5.618315839863158
954.0,1.8731465873546718,5.618556492153094
955.0,1.8732928210089728,5.618797234989824
956.0,1.8734389447475122,5.619038068284012
957.0,1.8735849586042133,5.619278991946271
958.0,1.873730862613024,5.6195200058871615
959.0,1.873876656807917,5.61976111001719
960.0,1.8740223412228887,5.6200023042468095
961.0,1.8741679158919597,5.620243588486423
962.0,1.8743133808491754,5.620484962646379
963.0,1.8744587361286045,5.620726426636975
964.0,1.8746039817643398,5.620967980368457
965.0,1.8747491177904982,5.621209623751018
966.0,1.8748941442412204,5.621451356694801
967.0,1.8750390611506706,5.621693179109897
968.0,1.8751838685530366,5.621935090906346
969.0,1.87532856648253,5.6221770919941365
970.0,1.8754731549733858,5.622419182283207
971.0,1.8756176340598623,5.622661361683446
972.0,1.8757620037762408,5.622903630104689
973.0,1.8759062641568265,5.623145987456725
974.0,1.876050415235947,5.623388433649291
975.0,1.8761944570479534,5.623630968592074
976.0,1.8763383896272197,5.623873592194712
977.0,1.8764822130081424,5.624116304366793
978.0,1.8766259272251415,5.624359105017858
979.0,1.8767695323126592,5.624601994057396
980.0,1.8769130283051605,5.6248449713948485
981.0,1.8770564152371327,5.6250880369396095
982.0,1.877199693143086,5.625331190601023
983.0,1.8773428620575527,5.625574432288385
984.0,1.8774859220150877,5.625817761910945
985.0,1.8776288730502675,5.626061179377901
986.0,1.8777717151976914,5.6263046845984075
987.0,1.8779144484919803,5.62654827748157
988.0,1.8780570729677775,5.626791957936446
989.0,1.8781995886597478,5.627035725872045
990.0,1.878341995602578,5.6272795811973335
991.0,1.8784842938309767,5.627523523821227
992.0,1.878626483379674,5.627767553652598
993.0,1.8787685642834215,5.6280116706002685
994.0,1.8789105365769925,5.628255874573019
995.0,1.8790524002951814,5.62850016547958
996.0,1.8791941554728044,5.628744543228639
997.0,1.8793358021446986,5.628989007728838
998.0,1.8794773403457221,5.629233558888771
999.0,1.8796187701107545,5.629478196616989
1000.0,1.8797600914746961,5.629722920821997
1001.0,1.8799013044724682,5.629967731412257
1002.0,1.8800424091390127,5.630212628296183
1003.0,1.8801834055092925,5.630457611382148
1004.0,1.8803242936182913,5.630702680578479
1005.0,1.880465073501013,5.630947835793459
1006.0,1.8806057451924825,5.631193076935328
1007.0,1.8807463087277445,5.631438403912282
1008.0,1.8808867641418645,5.631683816632472
1009.0,1.881027111469928,5.631929315004006
1010.0,1.8811673507470408,5.632174898934952
1011.0,1.8813074820083289,5.632420568333332
1012.0,1.8814475052889381,5.632666323107126
1013.0,1.8815874206240342,5.6329121631642725
1014.0,1.8817272280488027,5.6331580884126655
1015.0,1.8818669275984492,5.633404098760159
1016.0,1.8820065193081987,5.633650194114563
1017.0,1.8821460032132962,5.633896374383647
1018.0,1.8822853793490055,5.634142639475138
1019.0,1.8824246477506106,5.634388989296724
1020.0,1.8825638084534144,5.634635423756049
1021.0,1.8827028614927395,5.6348819427607175
1022.0,1.882841806903927,5.635128546218292
1023.0,1.8829806447223376,5.635375234036294
1024.0,1.8831193749833512,5.635622006122206
1025.0,1.8832579977223662,5.635868862383471
1026.0,1.8833965129748003,5.636115802727488
1027.0,1.8835349207760896,5.63636282706162
1028.0,1.8836732211616893,5.636609935293189
1029.0,1.8838114141670728,5.636857127329476
1030.0,1.8839494998277324,5.637104403077724
1031.0,1.8840874781791788,5.637351762445138
1032.0,1.884225349256941,5.637599205338881
1033.0,1.8843631130965661,5.637846731666079
1034.0,1.88450076973362,5.638094341333821
1035.0,1.8846383192036864,5.638342034249154
1036.0,1.884775761542367,5.63858981031909
1037.0,1.8849130967852816,5.638837669450599
1038.0,1.885050324968068,5.639085611550617
1039.0,1.8851874461263813,5.6393336365260405
1040.0,1.8853244602958952,5.6395817442837295
1041.0,1.8854613675123004,5.639829934730505
1042.0,1.8855981678113054,5.640078207773152
1043.0,1.8857348612286362,5.640326563318419
1044.0,1.8858714478000365,5.6405750012730165
1045.0,1.8860079275612667,5.640823521543618
1046.0,1.886144300548105,5.641072124036864
1047.0,1.8862805667963465,5.641320808659354
1048.0,1.8864167263418037,5.6415695753176545
1049.0,1.8865527792203058,5.641818423918295
1050.0,1.8866887254676994,5.64206735436777
1051.0,1.8868245651198472,5.642316366572538
1052.0,1.8869602982126294,5.642565460439023
1053.0,1.8870959247819425,5.642814635873613
1054.0,1.8872314448637,5.643063892782661
1055.0,1.8873668584938315,5.643313231072486
1056.0,1.8875021657082833,5.643562650649371
1057.0,1.8876373665430182,5.643812151419566
1058.0,1.887772461034015,5.644061733289287
1059.0,1.887907449217269,5.6443113961647144
1060.0,1.8880423311287913,5.644561139951996
1061.0,1.8881771068046096,5.644810964557245
1062.0,1.8883117762807673,5.645060869886542
1063.0,1.8884463395933235,5.645310855845935
1064.0,1.8885807967783534,5.645560922341436
1065.0,1.888715147871948,5.645811069279027
1066.0,1.8888493929102137,5.646061296564656
1067.0,1.8889835319292727,5.646311604104238
1068.0,1.8891175649652627,5.646561991803656
1069.0,1.8892514920543368,5.646812459568762
1070.0,1.8893853132326635,5.647063007305374
1071.0,1.8895190285364263,5.647313634919279
1072.0,1.8896526380018241,5.647564342316233
1073.0,1.8897861416650712,5.647815129401959
1074.0,1.8899195395623967,5.648065996082149
1075.0,1.8900528317300445,5.648316942262466
1076.0,1.8901860182042736,5.648567967848538
1077.0,1.8903190990213576,5.648819072745967
1078.0,1.8904520742175852,5.649070256860321
1079.0,1.8905849438292592,5.649321520097137
1080.0,1.8907177078926976,5.649572862361926
1081.0,1.8908503664442322,5.649824283560164
1082.0,1.89098291952021,5.650075783597301
1083.0,1.8911153671569914,5.650327362378755
1084.0,1.8912477093909519,5.650579019809915
1085.0,1.8913799462584808,5.650830755796141
1086.0,1.8915120777959817,5.651082570242764
1087.0,1.891644104039872,5.651334463055084
1088.0,1.8917760250265827,5.651586434138375
1089.0,1.8919078407925596,5.651838483397881
1090.0,1.8920395513742616,5.652090610738818
1091.0,1.8921711568081614,5.652342816066373
1092.0,1.8923026571307455,5.652595099285705
1093.0,1.8924340523785137,5.652847460301945
1094.0,1.8925653425879796,5.653099899020198
1095.0,1.89269652779567,5.653352415345538
1096.0,1.8928276080381252,5.653605009183016
1097.0,1.8929585833518985,5.6538576804376515
1098.0,1.8930894537735563,5.654110429014439
1099.0,1.8932202193396785,5.654363254818347
1100.0,1.8933508800868577,5.654616157754315
1101.0,1.8934814360516996,5.654869137727259
1102.0,1.8936118872708225,5.655122194642066
1103.0,1.8937422337808578,5.655375328403597
1104.0,1.8938724756184495,5.655628538916688
1105.0,1.894002612820254,5.65588182608615
1106.0,1.8941326454229408,5.656135189816766
1107.0,1.8942625734631913,5.6563886300132955
1108.0,1.8943923969776995,5.656642146580472
1109.0,1.8945221160031718,5.656895739423004
1110.0,1.8946517305763266,5.657149408445575
1111.0,1.8947812407338949,5.657403153552843
1112.0,1.8949106465126193,5.657656974649442
1113.0,1.895039947949255,5.6579108716399835
1114.0,1.8951691450805686,5.658164844429051
1115.0,1.8952982379433385,5.6584188929212065
1116.0,1.8954272265743555,5.658673017020988
1117.0,1.8955561110104218,5.658927216632907
1118.0,1.8956848912883508,5.659181491661457
1119.0,1.8958135674449683,5.659435842011102
1120.0,1.895942139517111,5.659690267586287
1121.0,1.896070607541627,5.659944768291432
1122.0,1.8961989715553758,5.660199344030935
1123.0,1.8963272315952284,5.6604539947091705
1124.0,1.8964553876980668,5.660708720230492
1125.0,1.8965834399007842,5.660963520499228
1126.0,1.8967113882402844,5.661218395419688
1127.0,1.8968392327534829,5.661473344896157
1128.0,1.8969669734773054,5.661728368832899
1129.0,1.8970946104486885,5.661983467134157
1130.0,1.89722214370458,5.662238639704152
1131.0,1.8973495732819379,5.662493886447083
1132.0,1.8974768992177309,5.6627492072671295
1133.0,1.8976041215489383,5.6630046020684475
1134.0,1.89773124031255,5.663260070755174
1135.0,1.8978582555455654,5.663515613231426
1136.0,1.8979851672849952,5.6637712294012985
1137.0,1.8981119755678597,5.664026919168867
1138.0,1.8982386804311897,5.664282682438186
1139.0,1.8983652819120256,5.664538519113291
1140.0,1.8984917800474181,5.6647944290981975
1141.0,1.8986181748744277,5.665050412296901
1142.0,1.898744466430125,5.6653064686133785
1143.0,1.8988706547515897,5.6655625979515865
1144.0,1.8989967398759118,5.665818800215463
1145.0,1.8991227218401907,5.6660750753089255
1146.0,1.8992486006815354,5.666331423135876
1147.0,1.8993743764370643,5.666587843600196
1148.0,1.8995000491439051,5.666844336605748
1149.0,1.899625618839195,5.667100902056377
1150.0,1.8997510855600799,5.667357539855909
1151.0,1.8998764493437157,5.667614249908154
1152.0,1.9000017102272668,5.667871032116903
1153.0,1.9001268682479067,5.668127886385928
1154.0,1.900251923442818,5.668384812618986
1155.0,1.900376875849192,5.668641810719816
1156.0,1.900501725504229,5.668898880592138
1157.0,1.9006264724451378,5.669156022139658
1158.0,1.900751116709136,5.669413235266064
1159.0,1.9008756583334496,5.669670519875027
1160.0,1.9010000973553134,5.669927875870201
1161.0,1.9011244338119704,5.6701853031552245
1162.0,1.901248667740672,5.670442801633721
1163.0,1.9013727991786777,5.670700371209296
1164.0,1.9014968281632556,5.670958011785541
1165.0,1.9016207547316817,5.67121572326603
1166.0,1.90174457892124,5.6714735055543235
1167.0,1.9018683007692225,5.6717313585539655
1168.0,1.9019919203129294,5.671989282168485
1169.0,1.9021154375896683,5.672247276301396
1170.0,1.9022388526367549,5.672505340856198
1171.0,1.9023621654915126,5.672763475736375
1172.0,1.9024853761912723,5.6730216808454
1173.0,1.9026084847733724,5.673279956086726
1174.0,1.902731491275159,5.673538301363797
1175.0,1.9028543957339854,5.673796716580039
1176.0,1.9029771981872123,5.6740552016388675
1177.0,1.9030998986722079,5.674313756443682
1178.0,1.9032224972263472,5.674572380897869
1179.0,1.9033449938870126,5.6748310749048025
1180.0,1.9034673886915936,5.675089838367843
1181.0,1.9035896816774864,5.6753486711903385
1182.0,1.9037118728820943,5.675607573275622
1183.0,1.9038339623428273,5.6758665445270156
1184.0,1.9039559500971024,5.67612558484783
1185.0,1.9040778361823432,5.67638469414136
1186.0,1.90419962063598,5.676643872310891
1187.0,1.9043213034954491,5.676903119259697
1188.0,1.9044428847981942,5.677162434891037
1189.0,1.9045643645816648,5.677421819108161
1190.0,1.9046857428833168,5.677681271814306
1191.0,1.9048070197406126,5.677940792912699
1192.0,1.9049281951910204,5.678200382306553
1193.0,1.9050492692720151,5.678460039899073
1194.0,1.9051702420210772,5.678719765593451
1195.0,1.9052911134756934,5.67897955929287
1196.0,1.905411883673356,5.6792394209005
1197.0,1.9055325526515636,5.679499350319504
1198.0,1.9056531204478204,5.679759347453031
1199.0,1.9057735870996362,5.680019412204222
1200.0,1.9058939526445267,5.680279544476207
1201.0,1.9060142171200127,5.6805397441721075
1202.0,1.906134380563621,5.680800011195034
1203.0,1.9062544430128836,5.681060345448088
1204.0,1.906374404505338,5.681320746834363
1205.0,1.9064942650785264,5.68158121525694
1206.0,1.906614024769997,5.681841750618894
1207.0,1.9067336836173028,5.682102352823289
1208.0,1.906853241658002,5.682363021773183
1209.0,1.9069726989296576,5.682623757371623
1210.0,1.9070920554698378,5.682884559521647
1211.0,1.9072113113161155,5.683145428126289
1212.0,1.9073304665060684,5.68340636308857
1213.0,1.9074495210772788,5.683667364311504
1214.0,1.907568475067334,5.683928431698101
1215.0,1.9076873285138258,5.684189565151359
1216.0,1.9078060814543505,5.684450764574271
1217.0,1.9079247339265086,5.68471202986982
1218.0,1.9080432859679053,5.684973360940985
1219.0,1.9081617376161502,5.685234757690736
1220.0,1.9082800889088567,5.685496220022038
1221.0,1.908398339883643,5.6857577478378465
1222.0,1.908516490578131,5.686019341041113
1223.0,1.9086345410299468,5.686280999534781
1224.0,1.9087524912767202,5.686542723221788
1225.0,1.9088703413560855,5.686804512005067
1226.0,1.90898809130568,5.687066365787543
1227.0,1.9091057411631458,5.687328284472136
1228.0,1.9092232909661278,5.68759026796176
1229.0,1.9093407407522751,5.687852316159323
1230.0,1.9094580905592402,5.68811442896773
1231.0,1.9095753404246791,5.6883766062898795
1232.0,1.9096924903862513,5.688638848028663
1233.0,1.9098095404816195,5.688901154086971
1234.0,1.90992649074845,5.689163524367686
1235.0,1.9100433412244118,5.689425958773686
1236.0,1.9101600919471777,5.689688457207847
1237.0,1.9102767429544234,5.689951019573039
1238.0,1.9103932942838275,5.690213645772128
1239.0,1.9105097459730718,5.690476335707976
1240.0,1.9106260980598406,5.690739089283443
1241.0,1.9107423505818217,5.6910019064013815
1242.0,1.910858503576705,5.691264786964644
1243.0,1.9109745570821832,5.691527730876078
1244.0,1.9110905111359522,5.691790738038527
1245.0,1.91120636577571,5.692053808354834
1246.0,1.911322121039157,5.692316941727837
1247.0,1.9114377769639965,5.692580138060371
1248.0,1.9115533335879338,5.6928433972552694
1249.0,1.9116687909486767,5.693106719215363
1250.0,1.9117841490839351,5.69337010384348
1251.0,1.911899408031421,5.6936335510424465
1252.0,1.9120145678288492,5.693897060715086
1253.0,1.9121296285139355,5.694160632764221
1254.0,1.9122445901243983,5.69442426709267
1255.0,1.912359452697958,5.694687963603254
1256.0,1.9124742162723365,5.694951722198789
1257.0,1.9125888808852576,5.695215542782092
1258.0,1.912703446574447,5.695479425255977
1259.0,1.912817913377632,5.695743369523257
1260.0,1.9129322813325411,5.696007375486745
1261.0,1.913046550476905,5.696271443049253
1262.0,1.9131607208484553,5.696535572113593
1263.0,1.9132747924849254,5.696799762582575
1264.0,1.9133887654240498,5.697064014359011
1265.0,1.9135026397035642,5.69732832734571
1266.0,1.9136164153612056,5.697592701445484
1267.0,1.9137300924347123,5.697857136561143
1268.0,1.9138436709618234,5.698121632595497
1269.0,1.9139571509802793,5.698386189451359
1270.0,1.9140705325278211,5.698650807031538
1271.0,1.9141838156421909,5.6989154852388495
1272.0,1.9142970003611315,5.699180223976105
1273.0,1.9144100867223866,5.69944502314612
1274.0,1.9145230747637005,5.6997098826517085
1275.0,1.9146359645228184,5.699974802395689
1276.0,1.9147487560374856,5.700239782280878
1277.0,1.9148614493454483,5.700504822210096
1278.0,1.914974044484453,5.700769922086165
1279.0,1.9150865414922462,5.701035081811907
1280.0,1.9151989404065755,5.701300301290147
1281.0,1.9153112412651883,5.701565580423714
1282.0,1.915423444105832,5.701830919115436
1283.0,1.9155355489662544,5.702096317268146
1284.0,1.9156475558842037,5.702361774784678
1285.0,1.9157594648974272,5.702627291567869
1286.0,1.915871276043673,5.702892867520559
1287.0,1.9159829893606883,5.703158502545591
1288.0,1.9160946048862209,5.703424196545811
1289.0,1.9162061226580178,5.703689949424068
1290.0,1.916317542713826,5.703955761083216
1291.0,1.9164288650913919,5.704221631426109
1292.0,1.9165400898284617,5.7044875603556084
1293.0,1.9166512169627807,5.704753547774577
1294.0,1.9167622465320941,5.705019593585883
1295.0,1.9168731785741464,5.705285697692396
1296.0,1.916984013126681,5.705551859996994
1297.0,1.9170947502274414,5.7058180804025564
1298.0,1.9172053899141692,5.706084358811967
1299.0,1.917315932224606,5.706350695128116
1300.0,1.9174263771964921,5.706617089253897
1301.0,1.9175367248675668,5.706883541092209
1302.0,1.9176469752755685,5.707150050545955
1303.0,1.9177571284582344,5.707416617518045
1304.0,1.9178671844533006,5.7076832419113925
1305.0,1.917977143298502,5.7079499236289175
1306.0,1.918087005031572,5.7082166625735455
1307.0,1.9181967696902427,5.708483458648208
1308.0,1.918306437312245,5.70875031175584
1309.0,1.918416007935308,5.709017221799385
1310.0,1.91852548159716,5.709284188681793
1311.0,1.9186348583355266,5.709551212306018
1312.0,1.9187441381881325,5.709818292575022
1313.0,1.9188533211927004,5.710085429391773
1314.0,1.9189624073869513,5.7103526226592445
1315.0,1.9190713968086046,5.710619872280419
1316.0,1.9191802894953776,5.710887178158284
1317.0,1.9192890854849856,5.711154540195836
1318.0,1.9193977848151418,5.711421958296077
1319.0,1.9195063875235576,5.711689432362015
1320.0,1.919614893647942,5.71195696229667
1321.0,1.9197233032260022,5.712224548003065
1322.0,1.9198316162954427,5.712492189384234
1323.0,1.919939832893966,5.712759886343215
1324.0,1.920047953059272,5.713027638783058
1325.0,1.9201559768290584,5.713295446606819
1326.0,1.9202639042410201,5.713563309717562
1327.0,1.92037173533285,5.713831228018361
1328.0,1.9204794701422379,5.7140992014122975
1329.0,1.920587108706871,5.71436722980246
1330.0,1.9206946510644343,5.714635313091948
1331.0,1.9208020972526094,5.714903451183869
1332.0,1.9209094473090753,5.715171643981341
1333.0,1.921016701271508,5.715439891387488
1334.0,1.9211238591775808,5.715708193305446
1335.0,1.9212309210649636,5.715976549638358
1336.0,1.9213378869713238,5.71624496028938
1337.0,1.9214447569343251,5.716513425161675
1338.0,1.9215515309916285,5.716781944158416
1339.0,1.9216582091808914,5.717050517182785
1340.0,1.921764791539768,5.717319144137977
1341.0,1.9218712781059093,5.717587824927195
1342.0,1.9219776689169628,5.717856559453653
1343.0,1.9220839640105722,5.718125347620575
1344.0,1.9221901634243785,5.718394189331195
1345.0,1.9222962671960184,5.718663084488759
1346.0,1.9224022753631251,5.718932032996523
1347.0,1.9225081879633281,5.719201034757754
1348.0,1.9226140050342535,5.71947008967573
1349.0,1.9227197266135232,5.71973919765374
1350.0,1.9228253527387553,5.720008358595085
1351.0,1.922930883447564,5.720277572403077
1352.0,1.9230363187775599,5.72054683898104
1353.0,1.9231416587663488,5.720816158232307
1354.0,1.9232469034515332,5.721085530060228
1355.0,1.9233520528707109,5.721354954368159
1356.0,1.9234571070614759,5.721624431059474
1357.0,1.9235620660614174,5.721893960037553
1358.0,1.923666929908121,5.722163541205793
1359.0,1.9237716986391675,5.722433174467602
1360.0,1.9238763722921335,5.722702859726399
1361.0,1.9239809509045906,5.722972596885619
1362.0,1.9240854345141067,5.723242385848706
1363.0,1.9241898231582444,5.723512226519119
1364.0,1.924294116874562,5.72378211880033
1365.0,1.924398315700613,5.724052062595825
1366.0,1.9245024196739462,5.7243220578091
1367.0,1.9246064288321056,5.724592104343667
1368.0,1.9247103432126302,5.724862202103052
1369.0,1.9248141628530544,5.725132350990793
1370.0,1.9249178877909072,5.7254025509104425
1371.0,1.925021518063713,5.725672801765566
1372.0,1.9251250537089908,5.725943103459746
1373.0,1.9252284947642546,5.726213455896574
1374.0,1.9253318412670135,5.726483858979661
1375.0,1.9254350932547708,5.726754312612629
1376.0,1.9255382507650247,5.727024816699115
1377.0,1.9256413138352684,5.727295371142771
1378.0,1.9257442825029891,5.7275659758472655
1379.0,1.9258471568056692,5.727836630716278
1380.0,1.925949936780785,5.728107335653506
1381.0,1.9260526224658079,5.728378090562662
1382.0,1.926155213898203,5.728648895347471
1383.0,1.92625771111543,5.728919749911675
1384.0,1.926360114154943,5.729190654159034
1385.0,1.92646242305419,5.7294616079933185
1386.0,1.9265646378506138,5.729732611318319
1387.0,1.9266667585816508,5.730003664037839
1388.0,1.9267687852847315,5.7302747660556985
1389.0,1.9268707179972806,5.730545917275735
1390.0,1.9269725567567166,5.7308171176018
1391.0,1.9270743016004521,5.7310883669377635
1392.0,1.9271759525658936,5.73135966518751
1393.0,1.9272775096904409,5.73163101225494
1394.0,1.927378973011488,5.7319024080439736
1395.0,1.9274803425664229,5.732173852458544
1396.0,1.9275816183926264,5.7324453454026045
1397.0,1.9276828005274735,5.732716886780122
1398.0,1.9277838890083328,5.732988476495084
1399.0,1.927884883872566,5.733260114451492
1400.0,1.9279857851575284,5.733531800553367
1401.0,1.9280865929005688,5.733803534704745
1402.0,1.9281873071390294,5.734075316809683
1403.0,1.9282879279102456,5.734347146772253
1404.0,1.928388455251546,5.734619024496544
1405.0,1.9284888892002523,5.734890949886665
1406.0,1.9285892297936795,5.735162922846743
1407.0,1.9286894770691358,5.7354349432809215
1408.0,1.928789631063922,5.735707011093363
1409.0,1.9288896918153324,5.735979126188248
1410.0,1.928989659360654,5.736251288469775
1411.0,1.9290895337371665,5.736523497842163
1412.0,1.9291893149821429,5.7367957542096475
1413.0,1.9292890031328485,5.737068057476484
1414.0,1.9293885982265415,5.737340407546945
1415.0,1.929488100300473,5.737612804325325
1416.0,1.9295875093918862,5.737885247715935
1417.0,1.9296868255380177,5.738157737623106
1418.0,1.929786048776096,5.738430273951188
1419.0,1.9298851791433422,5.738702856604552
1420.0,1.92998421667697,5.738975485487585
1421.0,1.9300831614141856,5.739248160504698
1422.0,1.930182013392187,5.739520881560319
1423.0,1.930280772648165,5.739793648558896
1424.0,1.9303794392193023,5.740066461404898
1425.0,1.9304780131427741,5.740339320002812
1426.0,1.9305764944557477,5.7406122242571485
1427.0,1.9306748831953824,5.740885174072435
1428.0,1.9307731793988292,5.741158169353222
1429.0,1.9308713831032318,5.741431210004077
1430.0,1.9309694943457252,5.741704295929592
1431.0,1.9310675131634367,5.741977427034378
1432.0,1.9311654395934854,5.7422506032230665
1433.0,1.9312632736729822,5.74252382440031
1434.0,1.9313610154390297,5.742797090470782
1435.0,1.931458664928722,5.743070401339179
1436.0,1.9315562221791451,5.743343756910216
1437.0,1.9316536872273768,5.74361715708863
1438.0,1.9317510601104861,5.74389060177918
1439.0,1.9318483408655336,5.744164090886646
1440.0,1.9319455295295715,5.7444376243158315
1441.0,1.9320426261396433,5.744711201971559
1442.0,1.9321396307327838,5.744984823758675
1443.0,1.9322365433460196,5.7452584895820475
1444.0,1.932333364016368,5.745532199346566
1445.0,1.9324300927808378,5.7458059529571415
1446.0,1.9325267296764288,5.746079750318709
1447.0,1.9326232747401324,5.746353591336225
1448.0,1.9327197280089305,5.746627475914669
1449.0,1.9328160895197966,5.746901403959042
1450.0,1.9329123593096946,5.7471753753743675
1451.0,1.9330085374155799,5.747449390065695
1452.0,1.9331046238743985,5.7477234479380925
1453.0,1.9332006187230875,5.747997548896654
1454.0,1.9332965219985743,5.748271692846496
1455.0,1.9333923337377779,5.748545879692756
1456.0,1.9334880539776071,5.748820109340598
1457.0,1.9335836827549622,5.749094381695208
1458.0,1.9336792201067337,5.749368696661796
1459.0,1.9337746660698025,5.7496430541455945
1460.0,1.9338700206810406,5.74991745405186
1461.0,1.9339652839773103,5.750191896285874
1462.0,1.934060455995464,5.750466380752941
1463.0,1.9341555367723446,5.750740907358389
1464.0,1.9342505263447858,5.751015476007571
1465.0,1.934345424749611,5.751290086605864
1466.0,1.9344402320236345,5.751564739058669
1467.0,1.9345349482036605,5.751839433271411
1468.0,1.934629573326483,5.752114169149542
1469.0,1.934724107428887,5.752388946598535
1470.0,1.934818550547647,5.752663765523891
1471.0,1.9349129027195275,5.752938625831132
1472.0,1.9350071639812834,5.7532135274258085
1473.0,1.935101334369659,5.753488470213495
1474.0,1.9351954139213892,5.753763454099789
1475.0,1.9352894026731982,5.754038478990316
1476.0,1.9353833006618002,5.754313544790726
1477.0,1.9354771079238995,5.754588651406694
1478.0,1.9355708244961896,5.75486379874392
1479.0,1.935664450415354,5.755138986708131
1480.0,1.935757985718066,5.755414215205078
1481.0,1.9358514304409882,5.755689484140538
1482.0,1.9359447846207727,5.755964793420315
1483.0,1.9360380482940616,5.756240142950238
1484.0,1.936131221497486,5.756515532636164
1485.0,1.9362243042676666,5.756790962383973
1486.0,1.9363172966412137,5.757066432099573
1487.0,1.9364101986547264,5.757341941688899
1488.0,1.9365030103447938,5.7576174910579105
1489.0,1.9365957317479938,5.757893080112595
1490.0,1.9366883629008937,5.758168708758967
1491.0,1.93678090384005,5.758444376903065
1492.0,1.9368733546020083,5.7587200844509585
1493.0,1.936965715223303,5.75899583130874
1494.0,1.937057985740458,5.759271617382531
1495.0,1.937150166189986,5.75954744257848
1496.0,1.9372422566083887,5.759823306802763
1497.0,1.9373342570321568,5.760099209961581
1498.0,1.9374261674977697,5.760375151961165
1499.0,1.9375179880416957,5.760651132707774
1500.0,1.9376097187003922,5.760927152107691
1501.0,1.937701359510305,5.761203210067229
1502.0,1.9377929105078686,5.7614793064927285
1503.0,1.9378843717295064,5.761755441290558
1504.0,1.9379757432116305,5.762031614367113
1505.0,1.9380670249906413,5.7623078256288185
1506.0,1.938158217102928,5.762584074982127
1507.0,1.938249319584868,5.762860362333518
1508.0,1.9383403324728277,5.7631366875895
1509.0,1.9384312558031613,5.763413050656611
1510.0,1.938522089612212,5.763689451441416
1511.0,1.938612833936311,5.763965889850509
1512.0,1.9387034888117776,5.764242365790512
1513.0,1.93879405427492,5.764518879168078
1514.0,1.9388845303620341,5.764795429889885
1515.0,1.9389749171094042,5.765072017862644
1516.0,1.9390652145533027,5.765348642993092
1517.0,1.9391554227299903,5.765625305187997
1518.0,1.9392455416757155,5.765902004354154
1519.0,1.9393355714267149,5.76617874039839
1520.0,1.939425512019213,5.766455513227559
1521.0,1.9395153634894227,5.766732322748545
1522.0,1.939605125873544,5.767009168868263
1523.0,1.9396947992077658,5.767286051493656
1524.0,1.939784383528264,5.767562970531697
1525.0,1.9398738788712027,5.767839925889388
1526.0,1.9399632852727335,5.768116917473762
1527.0,1.9400526027689962,5.768393945191883
1528.0,1.9401418313961174,5.768671008950841
1529.0,1.9402309711902124,5.768948108657762
1530.0,1.9403200221873833,5.769225244219797
1531.0,1.9404089844237202,5.769502415544129
1532.0,1.9404978579353005,5.769779622537973
1533.0,1.940586642758189,5.770056865108572
1534.0,1.9406753389284384,5.7703341431632005
1535.0,1.9407639464820883,5.770611456609164
1536.0,1.9408524654551658,5.770888805353799
1537.0,1.9409408958836856,5.771166189304472
1538.0,1.9410292378036496,5.771443608368579
1539.0,1.9411174912510465,5.77172106245355
1540.0,1.941205656261853,5.771998551466845
1541.0,1.9412937328720323,5.772276075315953
1542.0,1.941381721117535,5.772553633908398
1543.0,1.941469621034299,5.772831227151731
1544.0,1.941557432658249,5.773108854953538
1545.0,1.9416451560252967,5.773386517221434
1546.0,1.9417327911713413,5.773664213863067
1547.0,1.9418203381322683,5.773941944786116
1548.0,1.9419077969439504,5.774219709898292
1549.0,1.9419951676422473,5.774497509107337
1550.0,1.9420824502630052,5.774775342321026
1551.0,1.9421696448420576,5.775053209447165
1552.0,1.9422567514152242,5.7753311103935925
1553.0,1.9423437700183122,5.775609045068179
1554.0,1.9424307006871147,5.775887013378827
1555.0,1.942517543457412,5.776165015233471
1556.0,1.942604298364971,5.776443050540079
1557.0,1.9426909654455446,5.77672111920665
1558.0,1.9427775447348732,5.7769992211412164
1559.0,1.9428640362686829,5.777277356251843
1560.0,1.9429504400826867,5.777555524446626
1561.0,1.9430367562125839,5.777833725633697
1562.0,1.9431229846940603,5.778111959721218
1563.0,1.9432091255627881,5.778390226617385
1564.0,1.943295178854426,5.778668526230427
1565.0,1.9433811446046185,5.778946858468605
1566.0,1.943467022848997,5.779225223240214
1567.0,1.9435528136231786,5.779503620453583
1568.0,1.9436385169627668,5.779782050017072
1569.0,1.9437241329033514,5.780060511839077
1570.0,1.9438096614805083,5.780339005828025
1571.0,1.9438951027297993,5.780617531892378
1572.0,1.9439804566867722,5.780896089940631
1573.0,1.9440657233869614,5.781174679881314
1574.0,1.9441509028658868,5.781453301622988
1575.0,1.9442359951590542,5.78173195507425
1576.0,1.9443210003019558,5.78201064014373
1577.0,1.944405918330069,5.782289356740092
1578.0,1.944490749278858,5.782568104772035
1579.0,1.9445754931837715,5.782846884148291
1580.0,1.9446601500802454,5.783125694777627
1581.0,1.9447447200037007,5.783404536568843
1582.0,1.944829202989544,5.783683409430774
1583.0,1.9449135990731676,5.78396231327229
1584.0,1.9449979082899498,5.784241248002295
1585.0,1.9450821306752542,5.784520213529727
1586.0,1.94516626626443,5.78479920976356
1587.0,1.9452503150928124,5.785078236612801
1588.0,1.9453342771957216,5.785357293986492
1589.0,1.9454181526084635,5.785636381793712
1590.0,1.9455019413663293,5.785915499943574
1591.0,1.9455856435045957,5.786194648345223
1592.0,1.9456692590585252,5.786473826907843
1593.0,1.945752788063365,5.7867530355406505
1594.0,1.945836230554348,5.787032274152899
1595.0,1.9459195865666923,5.7873115426538755
1596.0,1.9460028561356013,5.787590840952904
1597.0,1.9460860392962636,5.787870168959344
1598.0,1.9461691360838531,5.78814952658259
1599.0,1.9462521465335287,5.78842891373207
1600.0,1.9463350706804345,5.788708330317251
1601.0,1.9464179085596995,5.788987776247633
1602.0,1.9465006602064383,5.7892672514327534
1603.0,1.9465833256557499,5.789546755782185
1604.0,1.9466659049427188,5.7898262892055365
1605.0,1.9467483981024143,5.790105851612452
1606.0,1.9468308051698904,5.790385442912613
1607.0,1.9469131261801864,5.7906650630157355
1608.0,1.9469953611683264,5.790944711831573
1609.0,1.9470775101693192,5.791224389269914
1610.0,1.9471595732181584,5.791504095240585
1611.0,1.9472415503498224,5.791783829653447
1612.0,1.9473234415992744,5.7920635924183985
1613.0,1.9474052470014624,5.792343383445375
1614.0,1.9474869665913193,5.792623202644347
1615.0,1.947568600403762,5.792903049925324
1616.0,1.9476501484736926,5.793182925198351
1617.0,1.9477316108359974,5.7934628283735075
1618.0,1.9478129875255479,5.793742759360914
1619.0,1.9478942785771993,5.794022718070725
1620.0,1.9479754840257921,5.794302704413133
1621.0,1.9480566039061507,5.7945827182983685
1622.0,1.9481376382530842,5.794862759636697
1623.0,1.9482185871013862,5.795142828338423
1624.0,1.9482994504858344,5.795422924313887
1625.0,1.9483802284411913,5.795703047473468
1626.0,1.9484609210022032,5.7959831977275815
1627.0,1.9485415282036012,5.7962633749866805
1628.0,1.9486220500801004,5.796543579161256
1629.0,1.9487024866664,5.796823810161836
1630.0,1.9487828379971839,5.797104067898987
1631.0,1.9488631041071196,5.797384352283312
1632.0,1.9489432850308592,5.7976646632254525
1633.0,1.9490233808030386,5.797945000636089
1634.0,1.949103391458278,5.798225364425937
1635.0,1.9491833170311819,5.798505754505753
1636.0,1.9492631575563382,5.798786170786329
1637.0,1.9493429130683193,5.799066613178497
1638.0,1.9494225836016816,5.799347081593127
1639.0,1.949502169190965,5.799627575941126
1640.0,1.949581669870694,5.799908096133439
1641.0,1.9496610856753764,5.800188642081052
1642.0,1.949740416639504,5.800469213694987
1643.0,1.9498196627975528,5.8007498108863045
1644.0,1.949898824183982,5.801030433566105
1645.0,1.9499779008332354,5.801311081645526
1646.0,1.9500568927797397,5.801591755035744
1647.0,1.9501358000579057,5.801872453647976
1648.0,1.950214622702128,5.8021531773934765
1649.0,1.9502933607467847,5.802433926183537
1650.0,1.950372014226238,5.80271469992949
1651.0,1.9504505831748329,5.802995498542708
1652.0,1.9505290676268985,5.803276321934599
1653.0,1.9506074676167475,5.803557170016614
1654.0,1.9506857831786761,5.80383804270024
1655.0,1.9507640143469638,5.804118939897005
1656.0,1.9508421611558737,5.804399861518475
1657.0,1.9509202236396523,5.804680807476258
1658.0,1.9509982018325298,5.804961777681997
1659.0,1.9510760957687194,5.805242772047378
1660.0,1.951153905482418,5.805523790484125
1661.0,1.951231631007806,5.805804832904002
1662.0,1.9513092723790462,5.806085899218813
1663.0,1.9513868296302856,5.8063669893403995
1664.0,1.9514643027956544,5.806648103180645
1665.0,1.9515416919092656,5.806929240651473
1666.0,1.9516189970052158,5.807210401664845
1667.0,1.9516962181175845,5.807491586132763
1668.0,1.9517733552804348,5.8077727939672705
1669.0,1.9518504085278123,5.808054025080449
1670.0,1.9519273778937463,5.808335279384421
1671.0,1.9520042634122488,5.808616556791349
1672.0,1.9520810651173148,5.808897857213435
1673.0,1.9521577830429229,5.809179180562923
1674.0,1.9522344172230341,5.809460526752095
1675.0,1.9523109676915928,5.809741895693275
1676.0,1.9523874344825263,5.810023287298827
1677.0,1.9524638176297444,5.810304701481154
1678.0,1.9525401171671402,5.810586138152703
1679.0,1.9526163331285897,5.8108675972259585
1680.0,1.9526924655479516,5.811149078613446
1681.0,1.9527685144590674,5.811430582227732
1682.0,1.9528444798957618,5.811712107981425
1683.0,1.9529203618918418,5.811993655787171
1684.0,1.9529961604810973,5.812275225557662
1685.0,1.953071875697301,5.812556817205626
1686.0,1.9531475075742082,5.812838430643834
1687.0,1.9532230561455572,5.813120065785098
1688.0,1.9532985214450687,5.813401722542271
1689.0,1.953373903506446,5.813683400828247
1690.0,1.9534492023633747,5.813965100555961
1691.0,1.953524418049524,5.81424682163839
1692.0,1.9535995505985446,5.814528563988551
1693.0,1.9536746000440706,5.814810327519503
1694.0,1.9537495664197178,5.815092112144346
1695.0,1.9538244497590849,5.815373917776222
1696.0,1.9538992500957533,5.815655744328314
1697.0,1.9539739674632863,5.815937591713847
1698.0,1.9540486018952303,5.816219459846087
1699.0,1.9541231534251136,5.816501348638342
1700.0,1.9541976220864468,5.816783258003961
1701.0,1.9542720079127232,5.817065187856336
1702.0,1.9543463109374182,5.8173471381089
1703.0,1.9544205311939895,5.817629108675128
1704.0,1.9544946687158773,5.817911099468535
1705.0,1.954568723536504,5.8181931104026825
1706.0,1.954642695689274,5.818475141391169
1707.0,1.954716585207574,5.818757192347638
1708.0,1.9547903921247733,5.819039263185774
1709.0,1.9548641164742229,5.819321353819304
1710.0,1.9549377582892558,5.819603464161997
1711.0,1.9550113176031876,5.819885594127664
1712.0,1.955084794449316,5.820167743630159
1713.0,1.9551581888609204,5.820449912583378
1714.0,1.9552315008712624,5.8207321009012585
1715.0,1.9553047305135858,5.821014308497782
1716.0,1.9553778778211164,5.8212965352869706
1717.0,1.9554509428270617,5.8215787811828905
1718.0,1.9555239255646113,5.82186104609965
1719.0,1.955596826066937,5.822143329951399
1720.0,1.9556696443671922,5.822425632652332
1721.0,1.9557423804985123,5.8227079541166855
1722.0,1.9558150344940148,5.822990294258737
1723.0,1.955887606386799,5.823272652992809
1724.0,1.9559600962099455,5.823555030233266
1725.0,1.9560325039965174,5.823837425894516
1726.0,1.9561048297795594,5.824119839891009
1727.0,1.9561770735920976,5.824402272137237
1728.0,1.9562492354671404,5.8246847225477385
1729.0,1.9563213154376777,5.824967191037091
1730.0,1.9563933135366811,5.825249677519918
1731.0,1.956465229797104,5.825532181910885
1732.0,1.9565370642518811,5.825814704124702
1733.0,1.9566088169339295,5.82609724407612
1734.0,1.9566804878761472,5.826379801679935
1735.0,1.956752077111414,5.826662376850986
1736.0,1.9568235846725914,5.826944969504154
1737.0,1.9568950105925227,5.827227579554367
1738.0,1.9569663549040321,5.8275102069165925
1739.0,1.957037617639926,5.827792851505843
1740.0,1.957108798832992,5.828075513237176
1741.0,1.9571798985159992,5.828358192025691
1742.0,1.957250916721698,5.8286408877865306
1743.0,1.9573218534828207,5.828923600434883
1744.0,1.9573927088320806,5.829206329885978
1745.0,1.9574634828021726,5.829489076055093
1746.0,1.9575341754257731,5.8297718388575435
1747.0,1.9576047867355397,5.830054618208694
1748.0,1.9576753167641112,5.8303374140239494
1749.0,1.9577457655441082,5.830620226218761
1750.0,1.957816133108132,5.830903054708623
1751.0,1.957886419488766,5.831185899409073
1752.0,1.957956624718574,5.831468760235695
1753.0,1.9580267488301015,5.831751637104114
1754.0,1.9580967918558754,5.832034529930001
1755.0,1.9581667538284033,5.832317438629072
1756.0,1.9582366347801747,5.832600363117086
1757.0,1.9583064347436596,5.8328833033098455
1758.0,1.9583761537513096,5.833166259123199
1759.0,1.9584457918355571,5.833449230473038
1760.0,1.958515349028816,5.8337322172753
1761.0,1.9585848253634812,5.834015219445966
1762.0,1.9586542208719284,5.834298236901061
1763.0,1.958723535586515,5.834581269556655
1764.0,1.9587927695395784,5.834864317328863
1765.0,1.958861922763438,5.8351473801338445
1766.0,1.958930995290394,5.835430457887803
1767.0,1.9589999871527273,5.835713550506987
1768.0,1.9590688983827,5.83599665790769
1769.0,1.9591377290125551,5.83627978000625
1770.0,1.9592064790745165,5.836562916719051
1771.0,1.9592751486007893,5.836846067962519
1772.0,1.9593437376235592,5.837129233653128
1773.0,1.9594122461749928,5.837412413707395
1774.0,1.9594806742872375,5.837695608041883
1775.0,1.9595490219924219,5.837978816573198
1776.0,1.9596172893226553,5.8382620392179945
1777.0,1.9596854763100278,5.838545275892969
1778.0,1.95975358298661,5.838828526514864
1779.0,1.9598216093844536,5.839111791000469
1780.0,1.9598895555355913,5.839395069266615
1781.0,1.959957421472036,5.839678361230182
1782.0,1.960025207225782,5.839961666808093
1783.0,1.9600929128288034,5.840244985917317
1784.0,1.9601605383130558,5.840528318474868
1785.0,1.9602280837104753,5.840811664397805
1786.0,1.9602955490529785,5.841095023603233
1787.0,1.9603629343724627,5.841378396008304
1788.0,1.9604302397008058,5.841661781530213
1789.0,1.9604974650698666,5.841945180086202
1790.0,1.960564610511484,5.842228591593557
1791.0,1.960631676057478,5.842512015969611
1792.0,1.9606986617396491,5.842795453131742
1793.0,1.960765567589778,5.843078902997373
1794.0,1.9608323936396261,5.8433623654839755
1795.0,1.9608991399209355,5.843645840509064
1796.0,1.9609658064654285,5.843929327990199
1797.0,1.9610323933048082,5.844212827844988
1798.0,1.961098900470758,5.844496339991083
1799.0,1.9611653279949417,5.844779864346183
1800.0,1.9612316759090038,5.845063400828033
1801.0,1.961297944244569,5.845346949354422
1802.0,1.9613641330332428,5.845630509843187
1803.0,1.9614302423066103,5.845914082212211
1804.0,1.9614962720962377,5.846197666379421
1805.0,1.961562222433671,5.846481262262793
1806.0,1.9616280933504375,5.846764869780346
1807.0,1.9616938848780439,5.847048488850147
1808.0,1.9617595970479773,5.84733211939031
1809.0,1.9618252298917056,5.847615761318993
1810.0,1.9618907834406767,5.847899414554401
1811.0,1.9619562577263188,5.848183079014786
1812.0,1.9620216527800405,5.848466754618446
1813.0,1.9620869686332303,5.848750441283725
1814.0,1.9621522053172573,5.849034138929014
1815.0,1.9622173628634707,5.849317847472748
1816.0,1.9622824413031998,5.849601566833413
1817.0,1.9623474406677544,5.8498852969295365
1818.0,1.9624123609884239,5.850169037679696
1819.0,1.9624772022964785,5.850452789002514
1820.0,1.962541964623168,5.850736550816659
1821.0,1.962606647999723,5.851020323040849
1822.0,1.9626712524573535,5.8513041055938455
1823.0,1.9627357780272499,5.851587898394457
1824.0,1.9628002247405827,5.85187170136154
1825.0,1.9628645926285027,5.852155514413996
1826.0,1.9629288817221402,5.852439337470774
1827.0,1.9629930920526062,5.852723170450872
1828.0,1.9630572236509913,5.8530070132733325
1829.0,1.9631212765483663,5.853290865857244
1830.0,1.963185250775782,5.853574728121743
1831.0,1.9632491463642694,5.8538585999860135
1832.0,1.9633129633448387,5.854142481369285
1833.0,1.963376701748481,5.854426372190836
1834.0,1.9634403616061666,5.854710272369989
1835.0,1.9635039429488466,5.8549941818261155
1836.0,1.9635674458074512,5.8552781004786345
1837.0,1.9636308702128913,5.855562028247011
1838.0,1.9636942161960569,5.855845965050757
1839.0,1.9637574837878182,5.8561299108094325
1840.0,1.9638206730190255,5.856413865442644
1841.0,1.9638837839205088,5.856697828870044
1842.0,1.9639468165230778,5.856981801011335
1843.0,1.9640097708575224,5.857265781786263
1844.0,1.964072646954612,5.857549771114625
1845.0,1.964135444845096,5.857833768916263
1846.0,1.9641981645597035,5.858117775111068
1847.0,1.9642608061291436,5.858401789618976
1848.0,1.9643233695841047,5.8586858123599725
1849.0,1.9643858549552555,5.858969843254089
1850.0,1.9644482622732442,5.859253882221404
1851.0,1.964510591568699,5.859537929182046
1852.0,1.964572842872227,5.859821984056189
1853.0,1.9646350162144164,5.860106046764054
1854.0,1.9646971116258338,5.8603901172259105
1855.0,1.964759129137026,5.860674195362075
1856.0,1.96482106877852,5.860958281092913
1857.0,1.9648829305808215,5.861242374338835
1858.0,1.9649447145744166,5.861526475020302
1859.0,1.9650064207897706,5.86181058305782
1860.0,1.965068049257329,5.862094698371945
1861.0,1.965129600007516,5.862378820883279
1862.0,1.9651910730707365,5.8626629505124725
1863.0,1.965252468477374,5.862947087180223
1864.0,1.9653137862577923,5.863231230807276
1865.0,1.9653750264423346,5.863515381314427
1866.0,1.9654361890613237,5.863799538622515
1867.0,1.9654972741450616,5.86408370265243
1868.0,1.9655582817238302,5.86436787332511
1869.0,1.965619211827891,5.8646520505615385
1870.0,1.9656800644874848,5.86493623428275
1871.0,1.9657408397328318,5.865220424409824
1872.0,1.965801537594132,5.865504620863889
1873.0,1.965862158101565,5.865788823566123
1874.0,1.9659227012852896,5.86607303243775
1875.0,1.965983167175444,5.866357247400043
1876.0,1.966043555802146,5.866641468374323
1877.0,1.9661038671954933,5.8669256952819575
1878.0,1.9661641013855622,5.867209928044365
1879.0,1.9662242584024088,5.867494166583009
1880.0,1.9662843382760689,5.867778410819405
1881.0,1.9663443410365573,5.868062660675112
1882.0,1.9664042667138684,5.868346916071741
1883.0,1.966464115337976,5.868631176930949
1884.0,1.9665238869388333,5.8689154431744415
1885.0,1.9665835815463728,5.869199714723973
1886.0,1.9666431991905062,5.8694839915013475
1887.0,1.966702739901125,5.869768273428414
1888.0,1.9667622037080996,5.870052560427072
1889.0,1.9668215906412798,5.870336852419269
1890.0,1.966880900730495,5.870621149327001
1891.0,1.9669401340055537,5.8709054510723115
1892.0,1.9669992904962437,5.871189757577293
1893.0,1.967058370232332,5.871474068764086
1894.0,1.9671173732435656,5.871758384554881
1895.0,1.9671762995596696,5.872042704871915
1896.0,1.967235149210349,5.872327029637475
1897.0,1.9672939222252883,5.872611358773895
1898.0,1.967352618634151,5.872895692203558
1899.0,1.9674112384665796,5.873180029848897
1900.0,1.967469781752196,5.873464371632392
1901.0,1.9675282485206016,5.873748717476571
1902.0,1.9675866388013765,5.874033067304012
1903.0,1.9676449526240807,5.8743174210373414
1904.0,1.9677031900182524,5.874601778599233
1905.0,1.96776135101341,5.8748861399124115
1906.0,1.9678194356390506,5.875170504899648
1907.0,1.9678774439246505,5.875454873483764
1908.0,1.967935375899665,5.875739245587628
1909.0,1.9679932315935287,5.876023621134158
1910.0,1.9680510110356555,5.876308000046323
1911.0,1.9681087142554383,5.876592382247137
1912.0,1.9681663412822492,5.876876767659664
1913.0,1.9682238921454394,5.877161156207018
1914.0,1.9682813668743389,5.8774455478123615
1915.0,1.9683387654982571,5.877729942398904
1916.0,1.9683960880464828,5.878014339889907
1917.0,1.9684533345482833,5.8782987402086775
1918.0,1.9685105050329053,5.878583143278574
1919.0,1.9685675995295744,5.878867549023002
1920.0,1.9686246180674956,5.8791519573654165
1921.0,1.9686815606758525,5.879436368229323
1922.0,1.968738427383808,5.879720781538274
1923.0,1.9687952182205042,5.880005197215871
1924.0,1.9688519332150618,5.880289615185766
1925.0,1.968908572396581,5.880574035371659
1926.0,1.9689651357941405,5.880858457697299
1927.0,1.9690216234367985,5.8811428820864835
1928.0,1.9690780353535922,5.881427308463061
1929.0,1.9691343715735372,5.881711736750926
1930.0,1.9691906321256287,5.881996166874026
1931.0,1.9692468170388409,5.882280598756354
1932.0,1.9693029263421264,5.882565032321953
1933.0,1.9693589600644175,5.882849467494917
1934.0,1.9694149182346246,5.883133904199386
1935.0,1.9694708008816377,5.883418342359554
1936.0,1.9695266080343259,5.883702781899658
1937.0,1.9695823397215366,5.883987222743989
1938.0,1.9696379959720967,5.884271664816885
1939.0,1.9696935768148116,5.884556108042734
1940.0,1.969749082278466,5.884840552345972
1941.0,1.969804512391823,5.885124997651086
1942.0,1.9698598671836254,5.885409443882612
1943.0,1.9699151466825942,5.8856938909651335
1944.0,1.9699703509174293,5.885978338823285
1945.0,1.9700254799168102,5.8862627873817495
1946.0,1.9700805337093945,5.88654723656526
1947.0,1.9701355123238191,5.886831686298598
1948.0,1.9701904157886996,5.887116136506596
1949.0,1.9702452441326304,5.887400587114134
1950.0,1.970299997384185,5.887685038046141
1951.0,1.9695191229813411,5.887969066231293
1952.0,1.9687381445644647,5.888252250211126
1953.0,1.967957061117825,5.8885345922355254
1954.0,1.9671758716292556,5.88881609454736
1955.0,1.9663945750901368,5.889096759382518
1956.0,1.9656131704953779,5.889376588969936
1957.0,1.9648316568433997,5.889655585531638
1958.0,1.964050033136117,5.889933751282763
1959.0,1.9632682983789214,5.890211088431607
1960.0,1.9624864515806635,5.890487599179646
1961.0,1.9617044917536366,5.890763285721576
1962.0,1.9609224179135591,5.891038150245344
1963.0,1.9601402290795584,5.891312194932178
1964.0,1.959357924274153,5.891585421956623
1965.0,1.9585755025232368,5.891857833486568
1966.0,1.9577929628560622,5.892129431683284
1967.0,1.9570103043052236,5.892400218701452
1968.0,1.956227525906641,5.892670196689193
1969.0,1.9554446266995444,5.892939367788102
1970.0,1.954661605726457,5.893207734133281
1971.0,1.953878462033179,5.893475297853361
1972.0,1.9530951946687727,5.893742061070545
1973.0,1.9523118026855457,5.894008025900627
1974.0,1.9515282851390359,5.89427319445303
1975.0,1.9507446410879952,5.894537568830832
1976.0,1.9499608695943749,5.894801151130798
1977.0,1.9491769697233092,5.895063943443408
1978.0,1.9483929405431013,5.895325947852888
1979.0,1.9476087811252067,5.895587166437238
1980.0,1.9468244905442191,5.895847601268261
1981.0,1.946040067877855,5.896107254411593
1982.0,1.9452555122069395,5.896366127926732
1983.0,1.94447082261539,5.8966242238670645
1984.0,1.9436859981902028,5.896881544279896
1985.0,1.9429010380214382,5.897138091206479
1986.0,1.9421159412022058,5.897393866682038
1987.0,1.94133070682865,5.897648872735802
1988.0,1.9405453339999361,5.897903111391028
1989.0,1.9397598218182353,5.898156584665032
1990.0,1.938974169388711,5.8984092945692135
1991.0,1.9381883758195053,5.898661243109085
1992.0,1.9374024402217238,5.898912432284296
1993.0,1.9366163617094225,5.899162864088662
1994.0,1.9358301393995943,5.899412540510192
1995.0,1.935043772412154,5.899661463531112
1996.0,1.9342572598699266,5.899909635127894
1997.0,1.9334706008986318,5.900157057271282
1998.0,1.932683794626872,5.900403731926314
1999.0,1.931896840186118,5.900649661052354
2000.0,1.9311097367106964,5.900894846603112
2001.0,1.9303224833377761,5.9011392905266735
2002.0,1.929535079207355,5.901382994765524
2003.0,1.928747523462247,5.901625961256571
2004.0,1.92795981524807,5.901868191931175
2005.0,1.9271719537132312,5.902109688715169
2006.0,1.9263839380089163,5.902350453528883
2007.0,1.9255957672890753,5.902590488287175
2008.0,1.9248074407104108,5.902829794899448
2009.0,1.9240189574323647,5.9030683752696795
2010.0,1.9232303166171065,5.903306231296441
2011.0,1.9224415174295204,5.9035433648729265
2012.0,1.9216525590371933,5.903779777886974
2013.0,1.9208634406104022,5.904015472221087
2014.0,1.9200741613221022,5.904250449752465
2015.0,1.9192847203479146,5.9044847123530175
2016.0,1.9184951168661148,5.9047182618893945
2017.0,1.9177053500576202,5.904951100223007
2018.0,1.9169154191059787,5.90518322921005
2019.0,1.9161253231973565,5.905414650701525
2020.0,1.9153350615205265,5.905645366543263
2021.0,1.9145446332668568,5.905875378575948
2022.0,1.9137540376302993,5.906104688635137
2023.0,1.9129632738073776,5.906333298551285
2024.0,1.9121723409971765,5.906561210149765
2025.0,1.9113812384013296,5.906788425250891
2026.0,1.9105899652240086,5.907014945669939
2027.0,1.9097985206719124,5.907240773217171
2028.0,1.9090069039542552,5.907465909697854
2029.0,1.908215114282756,5.9076903569122825
2030.0,1.907423150871627,5.9079141166558
2031.0,1.9066310129375637,5.9081371907188185
2032.0,1.9058386996997327,5.908359580886843
2033.0,1.9050462103797623,5.90858128894049
2034.0,1.9042535442017303,5.908802316655508
2035.0,1.9034607003921546,5.909022665802798
2036.0,1.9026676781799818,5.909242338148438
2037.0,1.901874476796577,5.909461335453698
2038.0,1.901081095475713,5.909679659475064
2039.0,1.9002875334535603,5.909897311964255
2040.0,1.8994937899686768,5.910114294668248
2041.0,1.898699864261997,5.910330609329293
2042.0,1.8979057555768222,5.910546257684934
2043.0,1.89711146315881,5.910761241468031
2044.0,1.8963169862559643,5.910975562406779
2045.0,1.8955223241186256,5.911189222224723
2046.0,1.8947274759994608,5.911402222640786
2047.0,1.8939324411534528,5.911614565369277
2048.0,1.8931372188378917,5.911826252119922
2049.0,1.8923418083123638,5.912037284597874
2050.0,1.891546208838743,5.912247664503735
2051.0,1.89075041968118,5.912457393533578
2052.0,1.8899544401060935,5.91266647337896
2053.0,1.8891582693821602,5.912874905726943
2054.0,1.888361906780306,5.913082692260113
2055.0,1.887565351573695,5.9132898346566005
2056.0,1.886768603037722,5.913496334590092
2057.0,1.8859716604500016,5.913702193729856
2058.0,1.8851745230903603,5.913907413740755
2059.0,1.884377190240826,5.914111996283267
2060.0,1.8835796611856195,5.9143159430135
2061.0,1.8827819352111452,5.914519255583216
2062.0,1.8819840116059823,5.914721935639841
2063.0,1.8811858896608753,5.914923984826486
2064.0,1.8803875686687255,5.915125404781965
2065.0,1.8795890479245818,5.9153261971408115
2066.0,1.8787903267256323,5.915526363533295
2067.0,1.8779914043711947,5.915725905585439
2068.0,1.8771922801627083,5.915924824919038
2069.0,1.876392953403725,5.916123123151675
2070.0,1.8755934233999005,5.916320801896736
2071.0,1.8747936894589863,5.9165178627634285
2072.0,1.8739937508908202,5.916714307356797
2073.0,1.873193607007319,5.916910137277741
2074.0,1.8723932571224688,5.91710535412303
2075.0,1.8715927005523176,5.91729995948532
2076.0,1.8707919366149666,5.917493954953172
2077.0,1.8699909646305617,5.917687342111064
2078.0,1.8691897839212854,5.917880122539409
2079.0,1.868388393811349,5.918072297814572
2080.0,1.8675867936269839,5.918263869508883
2081.0,1.8667849826964336,5.918454839190658
2082.0,1.8659829603499458,5.918645208424208
2083.0,1.8651807259197646,5.918834978769859
2084.0,1.8643782787401217,5.919024151783966
2085.0,1.8635756181472298,5.919212729018928
2086.0,1.8627727434792736,5.919400712023204
2087.0,1.8619696540764024,5.919588102341329
2088.0,1.8611663492807224,5.919774901513927
2089.0,1.860362828436289,5.919961111077726
2090.0,1.8595590908890984,5.920146732565577
2091.0,1.8587551359870813,5.920331767506463
2092.0,1.857950963080094,5.920516217425518
2093.0,1.857146571519912,5.9207000838440385
2094.0,1.8563419606602214,5.920883368279503
2095.0,1.855537129856612,5.92106607224558
2096.0,1.8547320784665697,5.9212481972521465
2097.0,1.8539268058494696,5.921429744805303
2098.0,1.853121311366568,5.921610716407384
2099.0,1.8523155943809957,5.921791113556977
2100.0,1.8515096542577498,5.921970937748932
2101.0,1.8507034903636879,5.922150190474378
2102.0,1.8498971020675194,5.922328873220736
2103.0,1.8490904887397999,5.922506987471733
2104.0,1.8482836497529227,5.922684534707417
2105.0,1.8474765844811127,5.92286151640417
2106.0,1.846669292300419,5.92303793403472
2107.0,1.845861772588708,5.923213789068154
2108.0,1.8450540247256566,5.923389082969938
2109.0,1.844246048092745,5.923563817201921
2110.0,1.8434378420732502,5.923737993222355
2111.0,1.842629406052239,5.923911612485906
2112.0,1.8418207394165613,5.924084676443666
2113.0,1.841011841554843,5.924257186543168
2114.0,1.8402027118574804,5.924429144228399
2115.0,1.839393349716632,5.92460055093981
2116.0,1.8385837545262127,5.924771408114333
2117.0,1.8377739256818877,5.9249417171853915
2118.0,1.8369638625810651,5.925111479582911
2119.0,1.83615356462289,5.925280696733338
2120.0,1.835343031208237,5.925449370059644
2121.0,1.8345322617397055,5.925617500981346
2122.0,1.8337212556216116,5.925785090914514
2123.0,1.8329100122599828,5.925952141271786
2124.0,1.8320985310625513,5.926118653462376
2125.0,1.8312868114387473,5.926284628892093
2126.0,1.830474852799694,5.926450068963346
2127.0,1.8296626545581995,5.926614975075162
2128.0,1.8288502161287528,5.926779348623192
2129.0,1.8280375369275157,5.926943190999731
2130.0,1.8272246163723178,5.927106503593722
2131.0,1.82641145388265,5.92726928779077
2132.0,1.8255980488796586,5.927431544973157
2133.0,1.8247844007861393,5.9275932765198505
2134.0,1.8239705090265312,5.927754483806515
2135.0,1.823156373026911,5.9279151682055256
2136.0,1.8223419922149862,5.928075331085977
2137.0,1.8215273660200906,5.928234973813697
2138.0,1.8207124938731774,5.928394097751256
2139.0,1.819897375206814,5.92855270425798
2140.0,1.8190820094551756,5.92871079468996
2141.0,1.8182663960540404,5.928868370400065
2142.0,1.8174505344407825,5.9290254327379515
2143.0,1.8166344240543677,5.929181983050076
2144.0,1.8158180643353465,5.929338022679704
2145.0,1.8150014547258495,5.929493552966923
2146.0,1.8141845946695814,5.929648575248652
2147.0,1.8133674836118152,5.929803090858651
2148.0,1.812550120999387,5.9299571011275365
2149.0,1.8117325062806906,5.930110607382786
2150.0,1.8109146389056716,5.930263610948752
2151.0,1.810096518325822,5.9304161131466735
2152.0,1.8092781439941752,5.930568115294683
2153.0,1.8084595153653003,5.93071961870782
2154.0,1.8076406318952967,5.9308706246980405
2155.0,1.806821493041789,5.931021134574226
2156.0,1.8060020982639216,5.931171149642195
2157.0,1.8051824470223532,5.931320671204713
2158.0,1.804362538779252,5.931469700561502
2159.0,1.8035423729982898,5.931618239009253
2160.0,1.8027219491446378,5.931766287841631
2161.0,1.8019012666849608,5.931913848349291
2162.0,1.8010803250874117,5.932060921819883
2163.0,1.8002591238216274,5.932207509538065
2164.0,1.7994376623587232,5.932353612785509
2165.0,1.7986159401712871,5.932499232840917
2166.0,1.797793956733376,5.932644370980023
2167.0,1.7969717115205102,5.93278902847561
2168.0,1.7961492040096678,5.9329332065975136
2169.0,1.795326433679281,5.933076906612635
2170.0,1.79450340000923,5.93322012978495
2171.0,1.7936801024808386,5.933362877375518
2172.0,1.79285654057687,5.933505150642488
2173.0,1.7920327137815204,5.933646950841116
2174.0,1.791208621580416,5.933788279223766
2175.0,1.7903842634606066,5.933929137039923
2176.0,1.7895596389105621,5.934069525536205
2177.0,1.788734747420167,5.9342094459563635
2178.0,1.7879095884807157,5.934348899541301
2179.0,1.7870841615849085,5.934487887529077
2180.0,1.7862584662268464,5.934626411154916
2181.0,1.7854325019020263,5.934764471651218
2182.0,1.7846062681073367,5.934902070247565
2183.0,1.7837797643410533,5.935039208170734
2184.0,1.782952990102834,5.9351758866447
2185.0,1.7821259448937148,5.935312106890651
2186.0,1.7812986282161045,5.935447870126991
2187.0,1.7804710395737815,5.9355831775693515
2188.0,1.779643178471888,5.935718030430601
2189.0,1.7788150444169264,5.9358524299208515
2190.0,1.7779866369167547,5.935986377247467
2191.0,1.777157955480582,5.936119873615073
2192.0,1.7763289996189642,5.936252920225566
2193.0,1.7754997688437992,5.936385518278117
2194.0,1.7746702626683235,5.936517668969186
2195.0,1.7738404806071073,5.936649373492526
2196.0,1.7730104221760503,5.936780633039192
2197.0,1.7721800868923772,5.936911448797552
2198.0,1.7713494742746339,5.93704182195329
2199.0,1.7705185838426831,5.937171753689418
2200.0,1.7696874151177002,5.9373012451862826
2201.0,1.7688559676221687,5.9374302976215745
2202.0,1.7680242408798768,5.937558912170333
2203.0,1.7671922344159123,5.937687090004958
2204.0,1.7663599477566596,5.937814832295214
2205.0,1.7655273804297946,5.937942140208241
2206.0,1.7646945319642815,5.938069014908561
2207.0,1.7638614018903678,5.938195457558086
2208.0,1.7630279897395813,5.938321469316124
2209.0,1.7621942950447256,5.93844705133939
2210.0,1.7613603173398757,5.938572204782009
2211.0,1.7605260561603748,5.93869693079553
2212.0,1.75969151104283,5.938821230528926
2213.0,1.7588566815251083,5.938945105128607
2214.0,1.758021567146333,5.939068555738426
2215.0,1.7571861674468794,5.939191583499685
2216.0,1.756350481968371,5.939314189551144
2217.0,1.7555145102536762,5.939436375029027
2218.0,1.754678251846904,5.93955814106703
2219.0,1.7538417062934,5.939679488796329
2220.0,1.753004873139743,5.939800419345586
2221.0,1.7521677519337413,5.9399209338409555
2222.0,1.7513303422244288,5.940041033406095
2223.0,1.7504926435620611,5.940160719162166
2224.0,1.7496546554981118,5.940279992227849
2225.0,1.7488163775852694,5.940398853719342
2226.0,1.7479778093774327,5.940517304750376
2227.0,1.747138950429708,5.940635346432214
2228.0,1.7462998002984045,5.940752979873663
2229.0,1.7454603585410322,5.94087020618108
2230.0,1.7446206247162965,5.940987026458377
2231.0,1.7437805983840962,5.941103441807029
2232.0,1.7429402791055186,5.941219453326083
2233.0,1.742099666442837,5.941335062112159
2234.0,1.7412587599595064,5.9414502692594615
2235.0,1.7404175592201607,5.941565075859787
2236.0,1.7395760637906088,5.941679483002524
2237.0,1.738734273237831,5.941793491774667
2238.0,1.7378921871299757,5.941907103260818
2239.0,1.737049805036356,5.9420203185431975
2240.0,1.7362071265274466,5.942133138701646
2241.0,1.7353641511748792,5.942245564813633
2242.0,1.7345208785514408,5.942357597954264
2243.0,1.733677308231069,5.942469239196287
2244.0,1.7328334397888494,5.942580489610095
2245.0,1.7319892728010118,5.942691350263738
2246.0,1.7311448068449269,5.942801822222925
2247.0,1.7303000414991032,5.94291190655103
2248.0,1.729454976343184,5.943021604309105
2249.0,1.7286096109579432,5.943130916555876
2250.0,1.727763944925283,5.943239844347755
2251.0,1.7269179778282302,5.9433483887388485
2252.0,1.7260717092509328,5.943456550780955
2253.0,1.7252251387786572,5.943564331523581
2254.0,1.7243782659977849,5.943671732013941
2255.0,1.7235310904958088,5.943778753296963
2256.0,1.722683611861331,5.943885396415297
2257.0,1.7218358296840586,5.943991662409322
2258.0,1.7209877435548016,5.944097552317148
2259.0,1.7201393530654687,5.944203067174624
2260.0,1.7192906578090652,5.944308208015345
2261.0,1.718441657379689,5.944412975870655
2262.0,1.7175923513725284,5.944517371769655
2263.0,1.7167427393838584,5.944621396739207
2264.0,1.7158928210110376,5.944725051803942
2265.0,1.7150425958525057,5.944828337986262
2266.0,1.7141920635077803,5.944931256306351
2267.0,1.7133412235774534,5.945033807782175
2268.0,1.7124900756631893,5.94513599342949
2269.0,1.7116386193677207,5.9452378142618505
2270.0,1.7107868542948463,5.945339271290609
2271.0,1.7099347800494278,5.945440365524926
2272.0,1.7090823962373864,5.945541097971774
2273.0,1.7082297024657012,5.945641469635943
2274.0,1.7073766983424046,5.945741481520045
2275.0,1.7065233834765807,5.945841134624523
2276.0,1.705669757478362,5.945940429947649
2277.0,1.704815819958926,5.94603936848554
2278.0,1.7039615705304936,5.946137951232151
2279.0,1.7031070088063247,5.946236179179291
2280.0,1.7022521344007167,5.946334053316622
2281.0,1.701396946929001,5.946431574631665
2282.0,1.70054144600754,5.94652874410981
2283.0,1.6996856312537256,5.946625562734313
2284.0,1.6988295022859745,5.946722031486308
2285.0,1.6979730587237267,5.946818151344808
2286.0,1.6971163001874428,5.946913923286712
2287.0,1.6962592262986005,5.947009348286811
2288.0,1.6954018366796926,5.94710442731779
2289.0,1.6945441309542237,5.947199161350237
2290.0,1.693686108746708,5.947293551352642
2291.0,1.6928277696826666,5.947387598291408
2292.0,1.691969113388624,5.947481303130855
2293.0,1.6911101394921069,5.947574666833221
2294.0,1.6902508476216398,5.947667690358671
2295.0,1.689391237406744,5.947760374665298
2296.0,1.6885313084779334,5.947852720709132
2297.0,1.6876710604667138,5.947944729444142
2298.0,1.6868104930055783,5.948036401822243
2299.0,1.685949605728006,5.948127738793297
2300.0,1.685088398268459,5.948218741305122
