t,H,L
0.0,2.18,4.44
1.0,2.1786867225966784,4.4426763154463185
2.0,2.1773835800597023,4.4453350108505605
3.0,2.176090421143867,4.447976326371624
4.0,2.1748070979013403,4.450600497211686
5.0,2.1735334655871283,4.453207753752599
6.0,2.172269382567892,4.455798321687611
7.0,2.171014710233971,4.458372422148593
8.0,2.169769312914485,4.460930271828966
9.0,2.1685330577953805,4.4634720831024985
10.0,2.1673058148403053,4.465998064138138
11.0,2.16608745671419,4.468508419011037
12.0,2.164877858709434,4.4710033478099245
13.0,2.1636768986745794,4.473483046740963
14.0,2.1624844569453856,4.475947708228237
15.0,2.161300416278198,4.478397521010991
16.0,2.160124661785526,4.480832670237758
17.0,2.1589570808737437,4.483253337557482
18.0,2.157797563182824,4.485659701207758
19.0,2.156646000528033,4.488051936100302
20.0,2.155502286843509,4.490430213903743
21.0,2.1543663181276496,4.49279470312385
22.0,2.153237992390239,4.495145569181279
23.0,2.1521172096012555,4.49748297448694
24.0,2.1510038716412847,4.499807078515062
25.0,2.14989788225349,4.50211803787405
26.0,2.1487991469970735,4.504416006375209
27.0,2.1477075732021778,4.506701135099407
28.0,2.1466230699261724,4.508973572461761
29.0,2.1455455479112753,4.511233464274407
30.0,2.144474919543463,4.513480953807431
31.0,2.1434110988126176,4.515716181848012
32.0,2.1423540012738727,4.517939286757856
33.0,2.1413035440101096,4.5201504045289695
34.0,2.1402596455955676,4.522349668837829
35.0,2.139222226060527,4.524537211098009
36.0,2.1381912068570252,4.526713160511319
37.0,2.1371665108255744,4.5288776441174905
38.0,2.1361480621628424,4.531030786842481
39.0,2.1351357863902645,4.533172711545422
40.0,2.1341296103235554,4.53530353906427
41.0,2.13312946204309,4.537423388260201
42.0,2.132135270865122,4.539532376060781
43.0,2.1311469673138133,4.5416306175019665
44.0,2.1301644830940503,4.543718225768961
45.0,2.1291877510650123,4.545795312235975
46.0,2.128216705214478,4.547861986504914
47.0,2.127251280633836,4.54991835644304
48.0,2.126291413493782,4.551964528219628
49.0,2.1253370410206798,4.554000606341662
50.0,2.12438810147356,4.556026693688588
51.0,2.123444534121744,4.558042891546164
52.0,2.122506279223064,4.560049299639432
53.0,2.121573278002667,4.562046016164828
54.0,2.1206454726323813,4.564033137821483
55.0,2.1197228062106275,4.566010759841712
56.0,2.118805222742857,4.567978976020729
57.0,2.117892667122504,4.569937878745617
58.0,2.1169850851124297,4.571887559023559
59.0,2.116082423326851,4.573828106509373
60.0,2.1151846292137297,4.575759609532348
61.0,2.114291651037617,4.577682155122429
62.0,2.1134034378629325,4.579595829035744
63.0,2.112519939537669,4.581500715779513
64.0,2.1116411066775074,4.583396898636341
65.0,2.110766890650331,4.585284459687928
66.0,2.109897243561128,4.587163479838204
67.0,2.1090321182372644,4.589034038835901
68.0,2.1081714682141306,4.5908962152965955
69.0,2.107315247721131,4.592750086724212
70.0,2.1064634116680248,4.594595729532034
71.0,2.105615915631596,4.596433219063199
72.0,2.104772715842648,4.598262629610731
73.0,2.1039337691733113,4.600084034437092
74.0,2.10309903312466,4.601897505793284
75.0,2.10226846581462,4.603703114937505
76.0,2.101442025966167,4.605500932153384
77.0,2.100619672895806,4.607291026767784
78.0,2.0998013665023207,4.609073467168209
79.0,2.098987067255786,4.610848320819816
80.0,2.098176736186841,4.612615654282029
81.0,2.0973703348762087,4.614375533224798
82.0,2.09656782544446,4.616128022444479
83.0,2.0957691705420127,4.617873185879361
84.0,2.0949743333393602,4.61961108662486
85.0,2.094183277517524,4.621341786948361
86.0,2.093395967258725,4.623065348303744
87.0,2.092612367237261,4.6247818313455875
88.0,2.091832442610597,4.626491295943064
89.0,2.09105615901065,4.628193801193532
90.0,2.0902834825352694,4.629889405435833
91.0,2.08951437973991,4.631578166263305
92.0,2.0887488176294866,4.633260140536516
93.0,2.0879867636504095,4.634935384395726
94.0,2.0872281856827937,4.636603953273084
95.0,2.086473052032841,4.638265901904561
96.0,2.085721331425385,4.639921284341646
97.0,2.0849729929966,4.641570153962781
98.0,2.0842280062868666,4.643212563484565
99.0,2.08348634123379,4.644848564972725
100.0,2.0827479681653687,4.646478209852858
101.0,2.0820128577933086,4.648101548920951
102.0,2.081280981206479,4.649718632353687
103.0,2.0805523098645073,4.651329509718535
104.0,2.0798268155915065,4.652934229983644
105.0,2.079104470569938,4.6545328415275256
106.0,2.0783852473346003,4.656125392148548
107.0,2.077669118766741,4.657711929074236
108.0,2.076956058088295,4.659292498970387
109.0,2.0762460388562376,4.660867147950003
110.0,2.0755390349570555,4.662435921582041
111.0,2.074835020601332,4.663998864900001
112.0,2.074133970318439,4.665556022410335
113.0,2.0734358589513415,4.667107438100696
114.0,2.0727406616515016,4.668653155448019
115.0,2.0720483538738907,4.670193217426456
116.0,2.0713589113720983,4.671727666515145
117.0,2.070672310193539,4.673256544705838
118.0,2.0699885266747557,4.674779893510374
119.0,2.0693075374368157,4.676297753968017
120.0,2.0686293193807965,4.6778101666526455
121.0,2.0679538496833625,4.679317171679814
122.0,2.0672811057924267,4.680818808713671
123.0,2.0666110654228986,4.682315116973754
124.0,2.0659437065525115,4.683806135241657
125.0,2.065279007417736,4.685291901867561
126.0,2.064616946509767,4.686772454776662
127.0,2.0639575025705907,4.688247831475461
128.0,2.0633006545891273,4.6897180690579505
129.0,2.062646381797445,4.6911832042116774
130.0,2.061994663667049,4.692643273223703
131.0,2.061345479905238,4.694098311986445
132.0,2.0606988104515294,4.695548356003423
133.0,2.0600546354741556,4.696993440394887
134.0,2.0594129353666215,4.698433599903356
135.0,2.058773690744328,4.69986886889905
136.0,2.0581368824412576,4.701299281385223
137.0,2.057502491506724,4.702724871003408
138.0,2.056870499202178,4.7041456710385585
139.0,2.0562408869980735,4.705561714424106
140.0,2.0556136365707927,4.706973033746925
141.0,2.054988729799625,4.708379661252209
142.0,2.0543661487638016,4.7097816288482655
143.0,2.053745875739585,4.711178968111219
144.0,2.0531278931974093,4.712571710289641
145.0,2.0525121837990734,4.71395988630909
146.0,2.0518987303949836,4.715343526776582
147.0,2.051287516021446,4.716722661984978
148.0,2.0506785238980063,4.718097321917293
149.0,2.0500717374248394,4.71946753625094
150.0,2.0494671401801807,4.720833334361897
151.0,2.0488647159178073,4.722194745328796
152.0,2.0482644485645602,4.723551797936956
153.0,2.047666322217911,4.724904520682336
154.0,2.047070321143572,4.726252941775428
155.0,2.0464764297731453,4.727597089145083
156.0,2.0458846327018163,4.728936990442269
157.0,2.0452949146860835,4.730272673043772
158.0,2.044707260641529,4.731604164055835
159.0,2.044121655640627,4.732931490317728
160.0,2.0435380849105913,4.734254678405273
161.0,2.042956533831255,4.735573754634299
162.0,2.042376987932992,4.736888745064042
163.0,2.041799432894669,4.7381996755005
164.0,2.041223854541636,4.739506571499717
165.0,2.0406502388437455,4.740809458371029
166.0,2.0400785719134102,4.742108361180242
167.0,2.0395088400036894,4.743403304752775
168.0,2.0389410295064097,4.744694313676738
169.0,2.038375126950315,4.745981412305971
170.0,2.0378111189992487,4.747264624763028
171.0,2.0372489924503636,4.748543974942116
172.0,2.0366887342323636,4.749819486511987
173.0,2.0361303314037738,4.751091182918783
174.0,2.0355737711512374,4.75235908738884
175.0,2.0350190407878412,4.753623222931442
176.0,2.0344661277514686,4.754883612341537
177.0,2.033915019603179,4.756140278202406
178.0,2.033365704025613,4.757393242888295
179.0,2.0328181688214224,4.758642528567001
180.0,2.0322724019117286,4.7598881572024245
181.0,2.0317283913346014,4.761130150557075
182.0,2.0311861252435643,4.762368530194545
183.0,2.0306455919061244,4.763603317481938
184.0,2.0301067797023227,4.76483453359227
185.0,2.0295696771233103,4.766062199506825
186.0,2.029034272769944,4.767286336017477
187.0,2.0285005553514077,4.768506963728982
188.0,2.0279685136838506,4.769724103061226
189.0,2.027438136689051,4.77093777425145
190.0,2.026909413393097,4.77214799735643
191.0,2.0263823329250927,4.7733547922546355
192.0,2.0258568845158784,4.774558178648349
193.0,2.025333057496774,4.775758176065754
194.0,2.0248108412983417,4.776954803862994
195.0,2.0242902254491666,4.7781480812262025
196.0,2.023771199574656,4.779338027173499
197.0,2.023253753395857,4.78052466055696
198.0,2.0227378767282924,4.781708000064556
199.0,2.0222235594808153,4.782888064222066
200.0,2.021710791654477,4.784064871394958
201.0,2.0211995633414164,4.785238439790249
202.0,2.0206898647237637,4.786408787458332
203.0,2.0201816860725605,4.7875759322947795
204.0,2.0196750177466978,4.78873989204212
205.0,2.019169850191866,4.789900684291591
206.0,2.0186661739395255,4.791058326484863
207.0,2.018163979605888,4.792212835915744
208.0,2.0176632578909146,4.793364229731856
209.0,2.0171639995773303,4.794512524936287
210.0,2.0166661955296488,4.795657738389225
211.0,2.016169836693216,4.796799886809559
212.0,2.015674914093265,4.7979389867764715
213.0,2.015181418833983,4.799075054730995
214.0,2.014689342097598,4.800208106977556
215.0,2.01419867514347,4.801338159685492
216.0,2.0137094093072028,4.802465228890549
217.0,2.013221535999765,4.8035893304963615
218.0,2.012735046706624,4.804710480275907
219.0,2.012249932986892,4.805828693872942
220.0,2.0117661864724843,4.806943986803421
221.0,2.0112837988672916,4.80805637445689
222.0,2.0108027619463607,4.809165872097871
223.0,2.0103230675550887,4.810272494867216
224.0,2.009844707608429,4.81137625778345
225.0,2.0093676740901056,4.8124771757440925
226.0,2.0088919590518426,4.813575263526966
227.0,2.0084175546126004,4.814670535791477
228.0,2.0079444529578265,4.815763007079894
229.0,2.007472646338712,4.81685269181859
230.0,2.0070021270714626,4.817939604319291
231.0,2.006532887536578,4.8190237587802836
232.0,2.00606492017814,4.820105169287627
233.0,2.0055982175031133,4.821183849816337
234.0,2.0051327720806524,4.822259814231556
235.0,2.0046685765414205,4.823333076289713
236.0,2.0042056235769174,4.824403649639661
237.0,2.0037439059388156,4.825471547823806
238.0,2.0032834164383044,4.826536784279216
239.0,2.0028241479454474,4.827599372338717
240.0,2.002366093388542,4.828659325231981
241.0,2.0019092457534935,4.829716656086585
242.0,2.001453598083194,4.830771377929075
243.0,2.00099914347691,4.831823503686
244.0,2.000545875089682,4.832873046184943
245.0,2.000093786131724,4.833920018155534
246.0,1.9996428698678403,4.834964432230451
247.0,1.9991931196168438,4.8360063009464085
248.0,1.998744528750983,4.8370456367451355
249.0,1.998297090695379,4.838082451974335
250.0,1.9978507989274665,4.839116758888638
251.0,1.9974056469764456,4.840148569650541
252.0,1.9969616284227374,4.8411778963313346
253.0,1.9965187368974493,4.842204750912018
254.0,1.9960769660818456,4.843229145284203
255.0,1.9956363097068257,4.844251091251009
256.0,1.9951967615524093,4.8452706005279405
257.0,1.9947583154472273,4.846287684743761
258.0,1.9943209652680198,4.84730235544135
259.0,1.9938847049391413,4.848314624078557
260.0,1.9934495284320701,4.849324502029034
261.0,1.9930154297649267,4.850332000583066
262.0,1.992582403001996,4.851337130948392
263.0,1.992150442253257,4.852339904251008
264.0,1.9917195416739175,4.8533403315359696
265.0,1.9912896954639558,4.854338423768176
266.0,1.990860897867667,4.855334191833154
267.0,1.9904331431732152,4.85632764653782
268.0,1.9900064257121923,4.857318798611248
269.0,1.9895807398591818,4.858307658705412
270.0,1.989156080031327,4.859294237395936
271.0,1.9887324406879061,4.860278545182822
272.0,1.9883098163299118,4.861260592491172
273.0,1.9878882014996362,4.862240389671909
274.0,1.987467590780261,4.863217947002478
275.0,1.9870479787954525,4.8641932746875485
276.0,1.9866293602089615,4.8651663828597025
277.0,1.986211729724229,4.866137281580115
278.0,1.9857950820839951,4.867105980839231
279.0,1.9853794120699144,4.868072490557428
280.0,1.9849647145021747,4.869036820585676
281.0,1.9845509842391216,4.869998980706188
282.0,1.9841382161768861,4.870958980633059
283.0,1.9837264052490187,4.871916830012905
284.0,1.9833155464261254,4.872872538425489
285.0,1.9829056347155107,4.873826115384341
286.0,1.9824966651608231,4.874777570337373
287.0,1.9820886328417053,4.8757269126674805
288.0,1.9816815328734492,4.876674151693147
289.0,1.9812753604066538,4.8776192966690335
290.0,1.9808701106268884,4.878562356786562
291.0,1.9804657787543594,4.8795033411744955
292.0,1.98006236004358,4.880442258899514
293.0,1.9796598497830458,4.8813791189667715
294.0,1.9792582432949122,4.882313930320462
295.0,1.9788575359346772,4.883246701844371
296.0,1.9784577230908669,4.884177442362416
297.0,1.978058800184725,4.885106160639196
298.0,1.9776607626699063,4.886032865380517
299.0,1.977263606032173,4.886957565233925
300.0,1.9768673257890954,4.887880268789227
301.0,1.9764719174897547,4.888800984579006
302.0,1.9760773767144515,4.889719721079132
303.0,1.9756836990744149,4.890636486709267
304.0,1.9752908802115177,4.891551289833367
305.0,1.9748989157979924,4.892464138760168
306.0,1.9745078015361524,4.893375041743682
307.0,1.9741175331581151,4.894284006983675
308.0,1.9737281064255288,4.895191042626147
309.0,1.9733395171293027,4.896096156763801
310.0,1.9729517610893397,4.896999357436513
311.0,1.9725648341542723,4.897900652631794
312.0,1.9721787322012017,4.898800050285241
313.0,1.9717934511354391,4.899697558280998
314.0,1.9714089868902518,4.900593184452195
315.0,1.9710253354266092,4.901486936581392
316.0,1.9706424927329342,4.90237882240102
317.0,1.970260454824857,4.9032688495938075
318.0,1.9698792177449698,4.904157025793213
319.0,1.9694987775625865,4.905043358583846
320.0,1.9691191303735038,4.9059278555018855
321.0,1.9687402722997658,4.906810524035494
322.0,1.9683621994894296,4.90769137162523
323.0,1.9679849081163356,4.908570405664448
324.0,1.9676083943798788,4.909447633499704
325.0,1.9672326545047831,4.910323062431153
326.0,1.9668576847408785,4.911196699712934
327.0,1.9664834813628795,4.912068552553569
328.0,1.966110040670168,4.912938628116338
329.0,1.9657373589865759,4.913806933519665
330.0,1.9653654326601724,4.914673475837493
331.0,1.9649942580630526,4.915538262099652
332.0,1.9646238315911282,4.916401299292235
333.0,1.9642541496639208,4.917262594357956
334.0,1.9638852087243575,4.918122154196513
335.0,1.9635170052385686,4.918979985664946
336.0,1.9631495356956872,4.919836095577989
337.0,1.962782796607651,4.92069049070842
338.0,1.9624167845090073,4.921543177787405
339.0,1.9620514959567181,4.922394163504844
340.0,1.961686927529969,4.9232434545097075
341.0,1.9613230758299798,4.924091057410372
342.0,1.9609599374798155,4.924936978774953
343.0,1.9605975091242018,4.925781225131631
344.0,1.9602357874293412,4.926623802968981
345.0,1.9598747690827307,4.92746471873629
346.0,1.9595144507929823,4.928303978843877
347.0,1.9591548292896446,4.92914158966341
348.0,1.9587959013230272,4.929977557528217
349.0,1.958437663664026,4.930811888733595
350.0,1.9580801131039505,4.9316445895371155
351.0,1.957723246454354,4.9324756661589255
352.0,1.9573670605468634,4.933305124782052
353.0,1.957011552233013,4.934132971552696
354.0,1.9566567183840786,4.934959212580525
355.0,1.9563025558909144,4.935783853938966
356.0,1.9559490616637898,4.936606901665492
357.0,1.95559623263223,4.937428361761909
358.0,1.955244065744857,4.938248240194637
359.0,1.9548925579692324,4.939066542894988
360.0,1.9545417062917017,4.939883275759445
361.0,1.9541915077172407,4.940698444649934
362.0,1.9538419592693033,4.941512055394099
363.0,1.95349305798967,4.942324113785566
364.0,1.9531448009382997,4.943134625584211
365.0,1.9527971851931805,4.943943596516424
366.0,1.9524502078501846,4.944751032275368
367.0,1.9521038660229233,4.94555693852124
368.0,1.9517581568426032,4.946361320881524
369.0,1.9514130774578846,4.947164184951244
370.0,1.9510686250347413,4.9479655362932204
371.0,1.9507247967563206,4.948765380438309
372.0,1.9503815898228067,4.949563722885655
373.0,1.9500390014512838,4.950360569102933
374.0,1.949697028875601,4.951155924526589
375.0,1.949355669346239,4.951949794562078
376.0,1.9490149201301779,4.952742184584104
377.0,1.9486747785107656,4.953533099936851
378.0,1.9483352417875888,4.954322545934216
379.0,1.9479963072763442,4.955110527860041
380.0,1.9476579723087113,4.955897050968337
381.0,1.9473202342322267,4.9566821204835145
382.0,1.946983090410159,4.9574657416006005
383.0,1.946646538221386,4.9582479194854665
384.0,1.9463105750602718,4.959028659275044
385.0,1.945975198336546,4.959807966077543
386.0,1.945640405475184,4.960585844972664
387.0,1.9453061939162875,4.9613623010118175
388.0,1.944972561114968,4.962137339218328
389.0,1.9446395045412295,4.96291096458765
390.0,1.9443070216798537,4.963683182087568
391.0,1.9439751100302853,4.964453996658408
392.0,1.9436437671065192,4.965223413213239
393.0,1.9433129904369884,4.965991436638072
394.0,1.942982777564453,4.966758071792063
395.0,1.9426531260458904,4.967523323507709
396.0,1.9423240334523857,4.968287196591044
397.0,1.9419954973690254,4.969049695821833
398.0,1.9416675153947893,4.969810825953766
399.0,1.941340085142445,4.9705705917146465
400.0,1.9410132042384431,4.971328997806583
401.0,1.9406868703228142,4.9720860489061725
402.0,1.9403610810490646,4.972841749664689
403.0,1.9400358340840758,4.973596104708267
404.0,1.9397111271080025,4.974349118638079
405.0,1.9393869578141738,4.9751007960305245
406.0,1.9390633239089932,4.975851141437401
407.0,1.9387402231118407,4.976600159386085
408.0,1.9384176531549764,4.977347854379707
409.0,1.938095611783443,4.978094230897325
410.0,1.937774096754971,4.978839293394096
411.0,1.937453105839885,4.9795830463014505
412.0,1.9371326368210084,4.980325494027257
413.0,1.936812687493572,4.981066640955993
414.0,1.9364932556651218,4.981806491448912
415.0,1.9361743391554274,4.982545049844206
416.0,1.9358559357963923,4.983282320457168
417.0,1.9355380434319645,4.984018307580359
418.0,1.9352206599180477,4.984753015483764
419.0,1.9349037831224136,4.985486448414952
420.0,1.934587410924615,4.986218610599234
421.0,1.9342715412158997,4.986949506239821
422.0,1.9339561718991247,4.987679139517976
423.0,1.9336413008886721,4.9884075145931694
424.0,1.933326926110365,4.9891346356032304
425.0,1.933013045501384,4.9898605066645
426.0,1.9326996570101862,4.990585131871976
427.0,1.9323867585964218,4.991308515299466
428.0,1.9320743482308547,4.992030660999734
429.0,1.931762423895281,4.99275157300464
430.0,1.9314509835824514,4.993471255325295
431.0,1.9311400252959907,4.994189711952194
432.0,1.9308295470503205,4.994906946855363
433.0,1.9305195468705822,4.995622963984501
434.0,1.9302100227925603,4.996337767269115
435.0,1.9299009728626053,4.997051360618663
436.0,1.9295923951375602,4.997763747922687
437.0,1.9292842876846847,4.998474933050953
438.0,1.9289766485815818,4.999184919853581
439.0,1.928669475916124,4.999893712161185
440.0,1.928362767786381,5.000601313784999
441.0,1.928056522300548,5.0013077285170136
442.0,1.927750737576873,5.002012960130101
443.0,1.927445411743588,5.00271701237815
444.0,1.9271405429388373,5.003419888996189
445.0,1.9268361293106087,5.004121593700518
446.0,1.9265321690166641,5.0048221301888285
447.0,1.926228660224472,5.0055215021403345
448.0,1.925925601111139,5.006219713215891
449.0,1.9256229898633423,5.006916767058122
450.0,1.9253208246772648,5.007612667291537
451.0,1.9250191037585274,5.008307417522654
452.0,1.9247178253221242,5.009001021340122
453.0,1.924416987592358,5.009693482314835
454.0,1.9241165888027756,5.010384804000052
455.0,1.923816627196104,5.011074989931514
456.0,1.9235171010241872,5.011764043627561
457.0,1.9232180085479242,5.012451968589242
458.0,1.9229193480372062,5.013138768300435
459.0,1.9226211177708548,5.0138244462279555
460.0,1.9223233160365616,5.014509005821671
461.0,1.9220259411308276,5.0151924505146095
462.0,1.9217289913589024,5.015874783723074
463.0,1.9214324650347256,5.016556008846748
464.0,1.9211363604808673,5.017236129268804
465.0,1.9208406760284693,5.017915148356014
466.0,1.9205454100171877,5.018593069458853
467.0,1.9202505607951352,5.019269895911606
468.0,1.9199561267188237,5.019945631032472
469.0,1.9196621061531078,5.020620278123673
470.0,1.919368497471129,5.021293840471547
471.0,1.9190752990542597,5.02196632134666
472.0,1.9187825092920483,5.022637724003905
473.0,1.9184901265821646,5.0233080516826
474.0,1.9181981493303446,5.023977307606589
475.0,1.9179065759503382,5.024645494984343
476.0,1.9176154048638543,5.025312617009058
477.0,1.917324634500509,5.025978676858749
478.0,1.9170342632977728,5.026643677696352
479.0,1.9167442897009184,5.027307622669817
480.0,1.9164547121629687,5.027970514912201
481.0,1.9161655291446464,5.028632357541769
482.0,1.9158767391143228,5.02929315366208
483.0,1.9155883405479672,5.029952906362087
484.0,1.9153003319290978,5.030611618716224
485.0,1.9150127117487308,5.031269293784501
486.0,1.9147254785053327,5.03192593461259
487.0,1.9144386307047705,5.032581544231922
488.0,1.914152166860264,5.033236125659771
489.0,1.913866085492337,5.033889681899344
490.0,1.9135803851287714,5.0345422159398705
491.0,1.9132950643045576,5.035193730756688
492.0,1.9130101215618502,5.035844229311328
493.0,1.9127255554499196,5.0364937145516055
494.0,1.9124413645251073,5.0371421894117
495.0,1.9121575473507793,5.037789656812242
496.0,1.9118741024972814,5.038436119660397
497.0,1.911591028541894,5.039081580849949
498.0,1.9113083240687876,5.039726043261383
499.0,1.9110259876689781,5.040369509761965
500.0,1.910744017940284,5.041011983205827
501.0,1.9104624134872814,5.041653466434045
502.0,1.9101811729212623,5.04229396227472
503.0,1.9099002948601906,5.042933473543058
504.0,1.9096197779286606,5.043572003041446
505.0,1.9093396207578535,5.0442095535595355
506.0,1.9090598219854968,5.044846127874315
507.0,1.9087803802558228,5.045481728750192
508.0,1.908501294219526,5.046116358939065
509.0,1.9082225625337244,5.0467500211804
510.0,1.9079441838619164,5.04738271820131
511.0,1.9076661568739433,5.048014452716624
512.0,1.9073884802459473,5.048645227428968
513.0,1.907111152660333,5.04927504502883
514.0,1.9068341728057276,5.049903908194642
515.0,1.9065575393769425,5.050531819592845
516.0,1.9062812510749338,5.051158781877967
517.0,1.9060053066067648,5.05178479769269
518.0,1.9057297046855675,5.052409869667924
519.0,1.9054544440305043,5.053034000422876
520.0,1.9051795233667321,5.053657192565119
521.0,1.9049049414253632,5.054279448690663
522.0,1.9046306969434295,5.054900771384022
523.0,1.904356788663846,5.055521163218287
524.0,1.9040832153353735,5.056140626755185
525.0,1.9038099757125837,5.056759164545155
526.0,1.9035370685558226,5.057376779127411
527.0,1.903264492631175,5.057993473030008
528.0,1.90299224671043,5.058609248769908
529.0,1.9027203295710453,5.059224108853047
530.0,1.9024487399961125,5.059838055774397
531.0,1.9021774767743231,5.060451092018033
532.0,1.901906538699934,5.0610632200571954
533.0,1.901635924572734,5.061674442354355
534.0,1.9013656331980089,5.062284761361274
535.0,1.9010956633865101,5.062894179519068
536.0,1.9008260139544197,5.063502699258272
537.0,1.9005566837233183,5.064110322998897
538.0,1.9002876715201524,5.0647170531504955
539.0,1.9000189761772017,5.065322892112219
540.0,1.899750596532047,5.065927842272878
541.0,1.8994825314275383,5.066531906011008
542.0,1.8992147797117638,5.067135085694918
543.0,1.8989473402380168,5.067737383682761
544.0,1.8986802118647663,5.068338802322584
545.0,1.8984133934556247,5.06893934395239
546.0,1.8981468838793176,5.069539010900196
547.0,1.8978806820096532,5.070137805484087
548.0,1.8976147867254922,5.070735730012278
549.0,1.8973491969107172,5.071332786783165
550.0,1.8970839114542033,5.071928978085384
551.0,1.8968189292497883,5.072524306197868
552.0,1.8965542491962435,5.0731187733899
553.0,1.896289870197244,5.073712381921165
554.0,1.8960257911613398,5.074305134041813
555.0,1.895762011001928,5.074897031992505
556.0,1.8954985286372228,5.0754880780044695
557.0,1.895235342990228,5.076078274299557
558.0,1.8949724529887089,5.076667623090292
559.0,1.8947098575651637,5.077256126579924
560.0,1.8944475556567966,5.077843786962482
561.0,1.8941855462054895,5.0784306064228275
562.0,1.8939238281577755,5.079016587136701
563.0,1.8936624004648108,5.0796017312707775
564.0,1.8934012620823486,5.080186040982715
565.0,1.8931404119707118,5.0807695184212065
566.0,1.892879849094767,5.081352165726029
567.0,1.892619572423897,5.081933985028094
568.0,1.8923595809319762,5.082514978449495
569.0,1.8920998735973436,5.083095148103559
570.0,1.891840449402777,5.083674496094893
571.0,1.891581307335468,5.084253024519435
572.0,1.891322446386996,5.0848307354644975
573.0,1.8910638655533032,5.08540763100882
574.0,1.8908055638346695,5.085983713222615
575.0,1.8905475402356877,5.086558984167611
576.0,1.8902897937652385,5.087133445897105
577.0,1.8900323234364664,5.087707100456005
578.0,1.8897751282667548,5.08827994988088
579.0,1.8895182072777024,5.088851996199999
580.0,1.8892615594950988,5.089423241433383
581.0,1.8890051839489008,5.089993687592846
582.0,1.888749079673209,5.090563336682044
583.0,1.888493245706243,5.091132190696514
584.0,1.8882376810903205,5.091700251623721
585.0,1.8879823848718313,5.092267521443104
586.0,1.8877273561012164,5.092834002126116
587.0,1.8874725938329444,5.0933996956362675
588.0,1.8872180971254884,5.093964603929173
589.0,1.886963865041304,5.09452872895259
590.0,1.8867098966468072,5.095092072646464
591.0,1.886456191012351,5.095654636942968
592.0,1.8862027472122047,5.096216423766546
593.0,1.8859495643245312,5.096777435033956
594.0,1.8856966414313656,5.097337672654306
595.0,1.885443977618593,5.0978971385291025
596.0,1.8851915719759278,5.098455834552285
597.0,1.884939423596892,5.0990137626102685
598.0,1.8846875315787937,5.099570924581986
599.0,1.8844358950227071,5.100127322338924
600.0,1.8841845130334505,5.100682957745166
601.0,1.8839333847195663,5.1012378326574295
602.0,1.8836825091932998,5.101791948925108
603.0,1.8834318855705798,5.102345308390304
604.0,1.883181512970997,5.102897912887875
605.0,1.8829313905177847,5.103449764245467
606.0,1.8826815173377982,5.104000864283554
607.0,1.8824318925614958,5.1045512148154755
608.0,1.8821825153229181,5.1051008176474735
609.0,1.881933384759669,5.105649674578733
610.0,1.8816845000128957,5.106197787401415
611.0,1.8814358602272696,5.106745157900695
612.0,1.8811874645509672,5.107291787854801
613.0,1.880939312135651,5.107837679035047
614.0,1.8806914021364503,5.108382833205872
615.0,1.8804437337119424,5.108927252124874
616.0,1.880196306024134,5.109470937542847
617.0,1.879949118238443,5.110013891203815
618.0,1.8797021695236789,5.110556114845068
619.0,1.8794554590520256,5.111097610197198
620.0,1.8792089859990229,5.11163837898413
621.0,1.8789627495435481,5.112178422923162
622.0,1.8787167488677985,5.112717743724996
623.0,1.8784709831572728,5.113256343093771
624.0,1.8782254516007544,5.113794222727099
625.0,1.8779801533902927,5.1143313843161
626.0,1.8777350877211865,5.114867829545429
627.0,1.8774902537919662,5.115403560093319
628.0,1.8772456508043767,5.115938577631605
629.0,1.87700127796336,5.116472883825761
630.0,1.8767571344770384,5.117006480334933
631.0,1.8765132195566974,5.117539368811969
632.0,1.8762695324167689,5.118071550903454
633.0,1.876026072274815,5.11860302824974
634.0,1.8757828383515107,5.119133802484977
635.0,1.8755398298706276,5.119663875237147
636.0,1.8752970460590181,5.120193248128094
637.0,1.8750544861465985,5.120721922773554
638.0,1.8748121493663328,5.121249900783189
639.0,1.874570034954217,5.1217771837606145
640.0,1.8743281421492632,5.122303773303432
641.0,1.8740864701934836,5.122829671003258
642.0,1.8738450183318744,5.123354878445756
643.0,1.873603785812401,5.123879397210666
644.0,1.8733627718859815,5.124403228871832
645.0,1.8731219758064723,5.1249263749972345
646.0,1.8728813968306517,5.125448837149018
647.0,1.8726410342182054,5.125970616883523
648.0,1.8724008872317113,5.1264917157513095
649.0,1.872160955136624,5.127012135297193
650.0,1.8719212372012606,5.127531877060267
651.0,1.871681732696785,5.128050942573937
652.0,1.8714424408971935,5.128569333365943
653.0,1.8712033610793009,5.129087050958391
654.0,1.8709644925227245,5.129604096867782
655.0,1.8707258345098707,5.1301204726050385
656.0,1.8704873863259206,5.13063617967553
657.0,1.870249147258815,5.131151219579105
658.0,1.8700111165992408,5.131665593810113
659.0,1.8697732936406168,5.132179303857437
660.0,1.86953567767908,5.132692351204516
661.0,1.8692982680134702,5.1332047373293745
662.0,1.8690610639453187,5.133716463704649
663.0,1.8688240647788321,5.134227531797611
664.0,1.8685872698208803,5.1347379430702
665.0,1.8683506783809818,5.135247698979042
666.0,1.8681142897712912,5.135756800975482
667.0,1.8678781033065852,5.1362652505056055
668.0,1.8676421183042493,5.136773049010265
669.0,1.8674063340842646,5.137280197925107
670.0,1.867170749969195,5.137786698680597
671.0,1.8669353652841736,5.138292552702043
672.0,1.8667001793568903,5.138797761409623
673.0,1.8664651915175783,5.139302326218407
674.0,1.8662304010990018,5.139806248538385
675.0,1.8659958074364429,5.1403095297744885
676.0,1.8657614098676891,5.140812171326618
677.0,1.8655272077330205,5.141314174589665
678.0,1.8652932003751979,5.1418155409535355
679.0,1.8650593871394494,5.142316271803177
680.0,1.864825767373459,5.1428163685186
681.0,1.864592340427354,5.143315832474903
682.0,1.8643591056536921,5.143814665042293
683.0,1.864126062407451,5.144312867586115
684.0,1.8638932100460142,5.14481044146687
685.0,1.8636605479291608,5.145307388040239
686.0,1.8634280754190526,5.145803708657108
687.0,1.8631957918802227,5.14629940466359
688.0,1.8629636966795633,5.146794477401046
689.0,1.8627317891863149,5.14728892820611
690.0,1.8625000687720539,5.1477827584107105
691.0,1.862268534810681,5.148275969342094
692.0,1.862037186678411,5.148768562322843
693.0,1.8618060237537588,5.149260538670904
694.0,1.8615750454175315,5.149751899699606
695.0,1.8613442510528142,5.150242646717681
696.0,1.8611136400449606,5.15073278102929
697.0,1.8608832117815808,5.15122230393404
698.0,1.860652965652531,5.15171121672701
699.0,1.8604229010499025,5.152199520698769
700.0,1.86019301736801,5.152687217135396
701.0,1.859963314003381,5.153174307318506
702.0,1.8597337903547466,5.153660792525264
703.0,1.859504445823028,5.154146674028416
704.0,1.8592752798113281,5.154631953096297
705.0,1.85904629172492,5.155116630992863
706.0,1.8588174809712361,5.155600708977703
707.0,1.8585888469598588,5.156084188306066
708.0,1.8583603891025093,5.156567070228875
709.0,1.858132106813037,5.157049355992752
710.0,1.8579039995074098,5.1575310468400355
711.0,1.8576760666037038,5.158012144008801
712.0,1.857448307522093,5.158492648732881
713.0,1.8572207216848389,5.158972562241883
714.0,1.8569933085162813,5.159451885761213
715.0,1.8567660674428277,5.159930620512089
716.0,1.8565389978929434,5.160408767711567
717.0,1.8563120992971418,5.160886328572553
718.0,1.8560853710879748,5.161363304303828
719.0,1.8558588127000224,5.161839696110065
720.0,1.8556324235698838,5.162315505191847
721.0,1.855406203136167,5.162790732745686
722.0,1.8551801508394805,5.163265379964042
723.0,1.8549542661224223,5.163739448035341
724.0,1.854728548429571,5.164212938143996
725.0,1.8545029972074771,5.164685851470422
726.0,1.8542776119046525,5.165158189191053
727.0,1.854052391971562,5.165629952478366
728.0,1.853827336860614,5.166101142500896
729.0,1.8536024460261509,5.166571760423249
730.0,1.8533777189244403,5.167041807406129
731.0,1.853153155013666,5.167511284606348
732.0,1.8529287537539187,5.167980193176848
733.0,1.8527045146071874,5.168448534266717
734.0,1.85248043703735,5.1689163090212045
735.0,1.8522565205101649,5.169383518581744
736.0,1.852032764493262,5.169850164085965
737.0,1.8518091684561337,5.170316246667712
738.0,1.8515857318701268,5.170781767457061
739.0,1.851362454208433,5.17124672758034
740.0,1.8511393349460814,5.1717111281601404
741.0,1.850916373559929,5.172174970315336
742.0,1.8506935695286524,5.1726382551611
743.0,1.8504709223327394,5.173100983808923
744.0,1.8502484314544807,5.173563157366626
745.0,1.8500260963779618,5.17402477693838
746.0,1.849803916589054,5.174485843624718
747.0,1.8495818915754068,5.174946358522558
748.0,1.849360020826439,5.175406322725212
749.0,1.8491383038333309,5.175865737322406
750.0,1.8489167400890167,5.176324603400296
751.0,1.8486953290881756,5.176782922041482
752.0,1.8484740703272238,5.1772406943250235
753.0,1.8482529633043072,5.177697921326459
754.0,1.8480320075192929,5.1781546041178155
755.0,1.8478112024737614,5.17861074376763
756.0,1.8475905476709988,5.17906634134096
757.0,1.8473700426159891,5.179521397899402
758.0,1.8471496868154065,5.179975914501106
759.0,1.846929479777607,5.180429892200789
760.0,1.8467094210126216,5.180883332049754
761.0,1.8464895100321483,5.181336235095898
762.0,1.8462697463495448,5.181788602383736
763.0,1.84605012947982,5.182240434954407
764.0,1.8458306589396278,5.182691733845695
765.0,1.8456113342472589,5.183142500092041
766.0,1.845392154922633,5.183592734724558
767.0,1.8451731204872928,5.184042438771045
768.0,1.844954230464395,5.184491613256003
769.0,1.8447354843787045,5.184940259200646
770.0,1.8445168817565858,5.185388377622919
771.0,1.844298422125997,5.185835969537512
772.0,1.8440801050164817,5.186283035955869
773.0,1.8438619299591623,5.18672957788621
774.0,1.843643896486733,5.187175596333537
775.0,1.8434260041334525,5.187621092299654
776.0,1.8432082524351372,5.188066066783178
777.0,1.8429906409291539,5.188510520779552
778.0,1.8427731691544134,5.18895445528106
779.0,1.8425558366513628,5.189397871276841
780.0,1.8423386429619795,5.1898407697529025
781.0,1.8421215876297639,5.190283151692132
782.0,1.8419046701997326,5.190725018074311
783.0,1.8416878902184122,5.1911663698761314
784.0,1.8414712472338315,5.191607208071203
785.0,1.8412547407955162,5.192047533630073
786.0,1.841038370454481,5.192487347520234
787.0,1.840822135763224,5.192926650706139
788.0,1.840606036275719,5.193365444149215
789.0,1.8403900715474106,5.193803728807876
790.0,1.8401742411352064,5.194241505637533
791.0,1.8399585445974707,5.194678775590609
792.0,1.8397429814940185,5.195115539616554
793.0,1.839527551386109,5.1955517986618505
794.0,1.8393122538364388,5.195987553670035
795.0,1.8390970884091367,5.196422805581703
796.0,1.8388820546697562,5.1968575553345255
797.0,1.8386671521852698,5.19729180386326
798.0,1.8384523805240625,5.197725552099763
799.0,1.8382377392559264,5.198158800973003
800.0,1.8380232279520536,5.198591551409069
801.0,1.8378088461850306,5.19902380433119
802.0,1.837594593528832,5.199455560659738
803.0,1.837380469558815,5.199886821312246
804.0,1.8371664738517124,5.200317587203419
805.0,1.8369526059856274,5.200747859245146
806.0,1.8367388655400276,5.201177638346508
807.0,1.8365252520957387,5.2016069254137935
808.0,1.836311765234939,5.20203572135051
809.0,1.8360984045411533,5.202464027057395
810.0,1.835885169599247,5.202891843432427
811.0,1.835672059995421,5.203319171370837
812.0,1.8354590753172046,5.20374601176512
813.0,1.8352462151534512,5.2041723655050465
814.0,1.835033479094332,5.204598233477674
815.0,1.8348208667313297,5.205023616567359
816.0,1.8346083776572342,5.205448515655765
817.0,1.8343960114661357,5.205872931621879
818.0,1.8341837677534203,5.206296865342016
819.0,1.8339716461157634,5.206720317689835
820.0,1.8337596461511245,5.207143289536349
821.0,1.8335477674587424,5.207565781749934
822.0,1.8333360096391287,5.207987795196342
823.0,1.833124372294063,5.20840933073871
824.0,1.8329128550265876,5.208830389237571
825.0,1.8327014574410014,5.209250971550867
826.0,1.8324901791428554,5.209671078533957
827.0,1.832279019738947,5.210090711039627
828.0,1.8320679788373142,5.210509869918105
829.0,1.8318570560472316,5.210928556017064
830.0,1.8316462509792042,5.211346770181641
831.0,1.8314355632449622,5.2117645132544395
832.0,1.831224992457456,5.212181786075546
833.0,1.8310145382308514,5.212598589482536
834.0,1.830804200180524,5.213014924310488
835.0,1.8305939779230547,5.213430791391987
836.0,1.8303838710762232,5.213846191557144
837.0,1.830173879259005,5.214261125633597
838.0,1.8299640020915648,5.214675594446528
839.0,1.8297542391952522,5.215089598818668
840.0,1.8295445901925964,5.21550313957031
841.0,1.8293350547073015,5.215916217519316
842.0,1.8291256323642417,5.216328833481131
843.0,1.8289163227894563,5.216740988268787
844.0,1.8287071256101444,5.2171526826929195
845.0,1.8284980404546607,5.21756391756177
846.0,1.8282890669525103,5.217974693681201
847.0,1.828080204734344,5.2183850118547035
848.0,1.8278714534319538,5.218794872883406
849.0,1.8276628126782677,5.219204277566085
850.0,1.8274542821073452,5.219613226699174
851.0,1.8272458613543727,5.220021721076772
852.0,1.8270375500556588,5.220429761490655
853.0,1.8268293478486295,5.220837348730282
854.0,1.8266212543718237,5.221244483582808
855.0,1.8264132692648885,5.22165116683309
856.0,1.826205392168575,5.222057399263698
857.0,1.8259976227247334,5.222463181654923
858.0,1.8257899605763084,5.222868514784787
859.0,1.8255824053673348,5.2232733994290514
860.0,1.8253749567429334,5.223677836361225
861.0,1.8251676143493056,5.224081826352575
862.0,1.8249603778337302,5.224485370172133
863.0,1.8247532468445582,5.224888468586709
864.0,1.8245462210312084,5.225291122360893
865.0,1.8243393000441632,5.225693332257071
866.0,1.8241324835349644,5.226095099035427
867.0,1.8239257711562087,5.226496423453956
868.0,1.8237191625615436,5.226897306268472
869.0,1.8235126574056626,5.227297748232615
870.0,1.8233062553443016,5.22769775009786
871.0,1.8230999560342342,5.228097312613529
872.0,1.822893759133268,5.228496436526792
873.0,1.8226876643002392,5.228895122582683
874.0,1.8224816711950103,5.229293371524103
875.0,1.8222757794784643,5.229691184091832
876.0,1.8220699888125016,5.230088561024536
877.0,1.821864298860035,5.230485503058771
878.0,1.8216587092849867,5.230882010929001
879.0,1.8214532197522832,5.231278085367595
880.0,1.8212478299278518,5.231673727104844
881.0,1.8210425394786165,5.232068936868963
882.0,1.820837348072494,5.232463715386102
883.0,1.8206322553783894,5.232858063380355
884.0,1.820427261066193,5.2332519815737655
885.0,1.8202223648067752,5.233645470686334
886.0,1.8200175662719837,5.234038531436028
887.0,1.819812865134639,5.234431164538789
888.0,1.8196082610685307,5.234823370708541
889.0,1.8194037537484131,5.235215150657197
890.0,1.8191993428500024,5.235606505094668
891.0,1.8189950280499718,5.235997434728869
892.0,1.8187908090259484,5.236387940265728
893.0,1.8185866854565091,5.236778022409193
894.0,1.818382657021177,5.237167681861241
895.0,1.818178723400417,5.237556919321882
896.0,1.8179748842756331,5.2379457354891725
897.0,1.8177711393291642,5.238334131059216
898.0,1.81756748824428,5.2387221067261756
899.0,1.8173639307051779,5.239109663182279
900.0,1.817160466396979,5.239496801117827
901.0,1.8169570950057246,5.2398835212212
902.0,1.8167538162183725,5.240269824178865
903.0,1.8165506297227936,5.2406557106753855
904.0,1.8163475352077678,5.241041181393424
905.0,1.816144532362981,5.241426237013753
906.0,1.8159416208790213,5.241810878215262
907.0,1.8157388004473751,5.242195105674963
908.0,1.8155360707604244,5.242578920067997
909.0,1.8153334315114424,5.242962322067645
910.0,1.8151308823945906,5.243345312345331
911.0,1.814928423104915,5.243727891570629
912.0,1.814726053338343,5.244110060411273
913.0,1.8145237727916794,5.244491819533163
914.0,1.814321581162604,5.2448731696003685
915.0,1.8141194781496663,5.24525411127514
916.0,1.8139174634522848,5.245634645217914
917.0,1.813715536770741,5.246014772087317
918.0,1.8135136978061777,5.24639449254018
919.0,1.813311946260595,5.246773807231534
920.0,1.8131102818368474,5.247152716814628
921.0,1.8129087042386396,5.247531221940927
922.0,1.8127072131705242,5.247909323260125
923.0,1.812505808337898,5.248287021420147
924.0,1.8123044894469988,5.248664317067157
925.0,1.8121032562049022,5.249041210845567
926.0,1.811902108319518,5.249417703398038
927.0,1.8117010454995874,5.249793795365493
928.0,1.81150006745468,5.25016948738712
929.0,1.8112991738951896,5.250544780100377
930.0,1.8110983645323324,5.250919674141002
931.0,1.8108976390781428,5.251294170143018
932.0,1.8106969972454705,5.251668268738737
933.0,1.8104964387479778,5.252041970558769
934.0,1.810295963300136,5.2524152762320275
935.0,1.8100955706172228,5.252788186385737
936.0,1.8098952604153182,5.253160701645435
937.0,1.809695032411303,5.253532822634986
938.0,1.8094948863228542,5.2539045499765775
939.0,1.809294821868443,5.2542758842907356
940.0,1.8090948387673313,5.254646826196325
941.0,1.808894936739569,5.255017376310557
942.0,1.8086951155059905,5.255387535248998
943.0,1.8084953747882122,5.25575730362557
944.0,1.8082957143086293,5.256126682052561
945.0,1.8080961337904131,5.256495671140631
946.0,1.807896632957508,5.2568642714988165
947.0,1.8076972115346277,5.257232483734535
948.0,1.807497869247254,5.257600308453594
949.0,1.8072986058216325,5.257967746260195
950.0,1.80709942098477,5.258334797756938
951.0,1.8069003144644318,5.258701463544833
952.0,1.8067012859891391,5.259067744223299
953.0,1.806502335288166,5.259433640390173
954.0,1.806303462091536,5.259799152641716
955.0,1.8061046661300202,5.260164281572617
956.0,1.805905947135134,5.260529027776002
957.0,1.8057073048391339,5.260893391843434
958.0,1.8055087389750157,5.261257374364925
959.0,1.805310249276511,5.261620975928937
960.0,1.8051118354780846,5.26198419712239
961.0,1.804913497314932,5.262347038530668
962.0,1.8047152345229758,5.2627095007376195
963.0,1.8045170468388645,5.263071584325571
964.0,1.8043189339999686,5.263433289875326
965.0,1.8041208957443782,5.263794617966174
966.0,1.8039229318109002,5.264155569175894
967.0,1.8037250419390565,5.264516144080759
968.0,1.80352722586908,5.264876343255548
969.0,1.8033294833419131,5.265236167273541
970.0,1.8031318140992043,5.265595616706532
971.0,1.8029342178833059,5.265954692124833
972.0,1.8027366944372714,5.266313394097276
973.0,1.8025392435048528,5.266671723191223
974.0,1.8023418648304985,5.267029679972567
975.0,1.8021445581593498,5.26738726500574
976.0,1.8019473232372394,5.267744478853718
977.0,1.8017501598106878,5.2681013220780235
978.0,1.8015530676269016,5.268457795238733
979.0,1.8013560464337708,5.268813898894484
980.0,1.801159095979866,5.269169633602475
981.0,1.800962216014436,5.269524999918475
982.0,1.8007654062874054,5.269879998396826
983.0,1.800568666549372,5.27023462959045
984.0,1.800371996551605,5.270588894050854
985.0,1.8001753960460412,5.27094279232813
986.0,1.7999788647852837,5.271296324970969
987.0,1.799782402522599,5.271649492526658
988.0,1.7995860090119151,5.272002295541087
989.0,1.799389684007818,5.272354734558759
990.0,1.7991934272655505,5.272706810122786
991.0,1.7989972385410091,5.273058522774902
992.0,1.7988011175907417,5.273409873055463
993.0,1.7986050641719453,5.273760861503452
994.0,1.798409078042464,5.274111488656487
995.0,1.798213158960786,5.274461755050824
996.0,1.7980173066860416,5.27481166122136
997.0,1.7978215209780013,5.2751612077016405
998.0,1.7976258015970725,5.275510395023862
999.0,1.7974301483042983,5.2758592237188795
1000.0,1.797234560861354,5.276207694316207
1001.0,1.7970390390305462,5.2765558073440255
1002.0,1.7968435825748093,5.2769035633291885
1003.0,1.7966481912577037,5.277250962797224
1004.0,1.796452864843414,5.2775980062723375
1005.0,1.7962576030967459,5.277944694277422
1006.0,1.7960624057831247,5.278291027334058
1007.0,1.7958672726685927,5.278637005962521
1008.0,1.795672203519807,5.278982630681783
1009.0,1.7954771981040374,5.279327902009521
1010.0,1.7952822561891641,5.279672820462116
1011.0,1.795087377543676,5.280017386554662
1012.0,1.7948925619366676,5.280361600800971
1013.0,1.7946978091378374,5.280705463713572
1014.0,1.794503118917486,5.281048975803721
1015.0,1.7943084910465135,5.2813921375814035
1016.0,1.7941139252964173,5.281734949555338
1017.0,1.7939194214392906,5.282077412232979
1018.0,1.7937249792478194,5.2824195261205285
1019.0,1.7935305984952812,5.28276129172293
1020.0,1.7933362789555423,5.28310270954388
1021.0,1.7931420204030564,5.283443780085831
1022.0,1.7929478226128615,5.283784503849992
1023.0,1.7927536853605788,5.284124881336339
1024.0,1.7925596084224102,5.284464913043615
1025.0,1.7923655915751362,5.284804599469334
1026.0,1.792171634596114,5.285143941109787
1027.0,1.7919777372632755,5.285482938460047
1028.0,1.791783899355125,5.285821592013968
1029.0,1.7915901206507374,5.286159902264196
1030.0,1.7913964009297565,5.286497869702169
1031.0,1.7912027399723922,5.286835494818121
1032.0,1.7910091375594193,5.2871727781010875
1033.0,1.790815593472175,5.287509720038911
1034.0,1.7906221074925572,5.287846321118241
1035.0,1.7904286794030224,5.288182581824541
1036.0,1.790235308986584,5.288518502642091
1037.0,1.7900419960268097,5.288854084053994
1038.0,1.7898487403078205,5.289189326542175
1039.0,1.7896555416142879,5.289524230587392
1040.0,1.7894623997314323,5.289858796669233
1041.0,1.7892693144450216,5.290193025266126
1042.0,1.7890762855413684,5.2905269168553355
1043.0,1.7888833128073287,5.290860471912976
1044.0,1.7886903960302996,5.291193690914007
1045.0,1.788497534998218,5.291526574332242
1046.0,1.788304729499558,5.291859122640353
1047.0,1.78811197932333,5.292191336309867
1048.0,1.7879192842590776,5.292523215811181
1049.0,1.7877266440968766,5.292854761613555
1050.0,1.7875340586273332,5.293185974185123
1051.0,1.7873415276415816,5.293516853992895
1052.0,1.7871490509312828,5.29384740150276
1053.0,1.7869566282886222,5.294177617179489
1054.0,1.7867642595063082,5.29450750148674
1055.0,1.7865719443775703,5.294837054887062
1056.0,1.786379682696157,5.295166277841897
1057.0,1.7861874742563348,5.295495170811585
1058.0,1.7859953188528854,5.295823734255369
1059.0,1.7858032162811046,5.296151968631394
1060.0,1.7856111663368004,5.2964798743967165
1061.0,1.785419168816291,5.296807452007305
1062.0,1.7852272235164037,5.297134701918042
1063.0,1.7850353302344721,5.297461624582731
1064.0,1.7848434887683355,5.297788220454098
1065.0,1.7846516989163366,5.2981144899837975
1066.0,1.7844599604773193,5.298440433622411
1067.0,1.784268273250628,5.298766051819456
1068.0,1.7840766370361054,5.299091345023386
1069.0,1.7838850516340905,5.299416313681595
1070.0,1.7836935168454173,5.299740958240424
1071.0,1.7835020324714133,5.300065279145159
1072.0,1.7833105983138973,5.300389276840036
1073.0,1.783119214175178,5.30071295176825
1074.0,1.7829278798580521,5.30103630437195
1075.0,1.7827365951658034,5.301359335092247
1076.0,1.7825453599022,5.301682044369219
1077.0,1.7823541738714939,5.302004432641911
1078.0,1.782163036878418,5.302326500348339
1079.0,1.781971948728186,5.302648247925494
1080.0,1.7817809092264891,5.302969675809345
1081.0,1.7815899181794959,5.303290784434846
1082.0,1.7813989753938497,5.303611574235931
1083.0,1.781208080676668,5.303932045645525
1084.0,1.7810172338355394,5.304252199095545
1085.0,1.7808264346785236,5.304572035016902
1086.0,1.7806356830141488,5.304891553839504
1087.0,1.78044497865141,5.305210755992261
1088.0,1.7802543213997686,5.305529641903091
1089.0,1.7800637110691495,5.305848211998914
1090.0,1.7798731474699403,5.3061664667056645
1091.0,1.7796826304129896,5.306484406448291
1092.0,1.7794921597096052,5.30680203165076
1093.0,1.779301735171553,5.307119342736056
1094.0,1.7791113566110552,5.30743634012619
1095.0,1.778921023840789,5.3077530242422
1096.0,1.7787307366738847,5.308069395504152
1097.0,1.7785404949239243,5.3083854543311455
1098.0,1.7783502984049402,5.308701201141318
1099.0,1.7781601469314137,5.309016636351846
1100.0,1.7779700403182732,5.309331760378946
1101.0,1.7777799783808932,5.309646573637884
1102.0,1.7775899609350923,5.3099610765429714
1103.0,1.777399987797132,5.3102752695075734
1104.0,1.7772100587837152,5.310589152944109
1105.0,1.7770201737119846,5.310902727264055
1106.0,1.7768303323995218,5.3112159928779485
1107.0,1.7766405346643448,5.311528950195392
1108.0,1.7764507803249077,5.311841599625053
1109.0,1.7762610692000982,5.312153941574669
1110.0,1.7760714011092371,5.312465976451052
1111.0,1.7758817758720766,5.312777704660088
1112.0,1.7756921933087984,5.313089126606742
1113.0,1.7755026532400124,5.313400242695059
1114.0,1.7753131554867563,5.313711053328173
1115.0,1.775123699870493,5.3140215589083
1116.0,1.7749342862131092,5.314331759836751
1117.0,1.7747449143369152,5.314641656513926
1118.0,1.7745555840646423,5.314951249339323
1119.0,1.774366295219442,5.315260538711541
1120.0,1.7741770476248842,5.315569525028277
1121.0,1.7739878411049563,5.3158782086863345
1122.0,1.773798675484062,5.3161865900816245
1123.0,1.7736095505870189,5.316494669609169
1124.0,1.7734204662390582,5.3168024476631
1125.0,1.7732314222658232,5.317109924636671
1126.0,1.7730424184933675,5.317417100922247
1127.0,1.7728534547481538,5.317723976911322
1128.0,1.7726645308570528,5.318030552994507
1129.0,1.7724756466473417,5.318336829561546
1130.0,1.7722868019467028,5.318642807001308
1131.0,1.7720979965832226,5.318948485701798
1132.0,1.77190923038539,5.319253866050154
1133.0,1.7717205031820953,5.319558948432653
1134.0,1.7715318148026287,5.319863733234713
1135.0,1.771343165076679,5.320168220840893
1136.0,1.7711545538343327,5.320472411634901
1137.0,1.770965980906072,5.320776305999591
1138.0,1.7707774461227743,5.321079904316971
1139.0,1.7705889493157103,5.321383206968199
1140.0,1.7704004903165431,5.321686214333594
1141.0,1.770212068957327,5.321988926792631
1142.0,1.7700236850705058,5.322291344723949
1143.0,1.7698353384889118,5.3225934685053495
1144.0,1.7696470290457649,5.322895298513803
1145.0,1.7694587565746707,5.323196835125448
1146.0,1.7692705209096196,5.323498078715597
1147.0,1.7690823218849856,5.323799029658736
1148.0,1.7688941593355252,5.324099688328528
1149.0,1.7687060330963758,5.324400055097817
1150.0,1.7685179430030544,5.324700130338628
1151.0,1.7683298888914571,5.324999914422173
1152.0,1.7681418705978573,5.325299407718849
1153.0,1.7679538879589045,5.325598610598246
1154.0,1.7677659408116235,5.325897523429145
1155.0,1.7675780289934127,5.3261961465795205
1156.0,1.7673901523420432,5.326494480416548
1157.0,1.7672023106956576,5.326792525306598
1158.0,1.7670145038927687,5.3270902816152494
1159.0,1.7668267317722586,5.327387749707282
1160.0,1.7666389941733769,5.327684929946683
1161.0,1.7664512909357404,5.327981822696651
1162.0,1.7662636218993313,5.328278428319595
1163.0,1.7660759869044964,5.328574747177141
1164.0,1.7658883857919454,5.3288707796301304
1165.0,1.7657008184027505,5.329166526038624
1166.0,1.7655132845783448,5.329461986761904
1167.0,1.765325784160521,5.329757162158479
1168.0,1.765138316991431,5.330052052586082
1169.0,1.7649508829135836,5.330346658401676
1170.0,1.7647634817698445,5.330640979961454
1171.0,1.7645761134034348,5.330935017620844
1172.0,1.7643887776579295,5.331228771734509
1173.0,1.7642014743772567,5.331522242656351
1174.0,1.7640142034056967,5.331815430739513
1175.0,1.7638269645878806,5.33210833633638
1176.0,1.7636397577687892,5.332400959798583
1177.0,1.763452582793752,5.332693301476999
1178.0,1.7632654395084457,5.332985361721756
1179.0,1.7630783277588944,5.333277140882236
1180.0,1.7628912473914666,5.333568639307072
1181.0,1.7627041982528757,5.333859857344154
1182.0,1.7625171801901782,5.3341507953406335
1183.0,1.7623301930507729,5.3344414536429205
1184.0,1.7621432366823995,5.33473183259669
1185.0,1.7619563109331378,5.335021932546881
1186.0,1.7617694156514063,5.3353117538377015
1187.0,1.7615825506859621,5.335601296812629
1188.0,1.7613957158858986,5.335890561814414
1189.0,1.7612089111006453,5.33617954918508
1190.0,1.761022136179966,5.336468259265929
1191.0,1.760835390973959,5.336756692397539
1192.0,1.7606486753330546,5.3370448489197715
1193.0,1.7604619891080153,5.33733272917177
1194.0,1.760275332149934,5.337620333491963
1195.0,1.7600887043102331,5.3379076622180675
1196.0,1.7599021054406638,5.338194715687088
1197.0,1.7597155353933047,5.338481494235323
1198.0,1.7595289940205612,5.338767998198363
1199.0,1.759342481175164,5.339054227911095
1200.0,1.7591559967101682,5.339340183707705
1201.0,1.7589695404789532,5.339625865921676
1202.0,1.7587831123352202,5.3399112748857975
1203.0,1.7585967121329922,5.34019641093216
1204.0,1.7584103397266129,5.340481274392162
1205.0,1.7582239949707454,5.340765865596509
1206.0,1.7580376777203717,5.341050184875218
1207.0,1.7578513878307909,5.341334232557619
1208.0,1.7576651251576192,5.341618008972355
1209.0,1.7574788895567883,5.341901514447386
1210.0,1.7572926808845446,5.342184749309992
1211.0,1.7571064989974485,5.342467713886773
1212.0,1.7569203437523728,5.34275040850365
1213.0,1.7567342150065022,5.343032833485871
1214.0,1.7565481126173326,5.34331498915801
1215.0,1.7563620364426695,5.343596875843969
1216.0,1.7561759863406274,5.34387849386698
1217.0,1.755989962169629,5.34415984354961
1218.0,1.7558039637884042,5.344440925213759
1219.0,1.7556179910559886,5.344721739180662
1220.0,1.7554320438317235,5.345002285770898
1221.0,1.7552461219752542,5.345282565304379
1222.0,1.7550602253465297,5.345562578100366
1223.0,1.7548743538058011,5.34584232447746
1224.0,1.7546885072136214,5.3461218047536105
1225.0,1.7545026854308436,5.346401019246114
1226.0,1.7543168883186213,5.346679968271618
1227.0,1.7541311157384065,5.346958652146122
1228.0,1.7539453675519487,5.347237071184979
1229.0,1.7537596436212952,5.347515225702897
1230.0,1.7535739438087887,5.347793116013944
1231.0,1.7533882679770674,5.348070742431545
1232.0,1.753202615989064,5.348348105268488
1233.0,1.7530169877080042,5.348625204836924
1234.0,1.7528313829974065,5.348902041448369
1235.0,1.7526458017210813,5.349178615413707
1236.0,1.7524602437431294,5.3494549270431895
1237.0,1.7522747089279418,5.349730976646439
1238.0,1.7520891971401982,5.350006764532452
1239.0,1.751903708244867,5.350282291009598
1240.0,1.7517182421072033,5.350557556385622
1241.0,1.7515327985927491,5.350832560967649
1242.0,1.751347377567332,5.3511073050621825
1243.0,1.751161978897064,5.351381788975108
1244.0,1.7509766024483415,5.351656013011695
1245.0,1.7507912480878434,5.351929977476597
1246.0,1.7506059156825309,5.352203682673855
1247.0,1.7504206050996467,5.352477128906898
1248.0,1.7502353162067141,5.352750316478549
1249.0,1.750050048871536,5.353023245691018
1250.0,1.7498648029621942,5.353295916845914
1251.0,1.749679578347048,5.353568330244238
1252.0,1.7494943748947345,5.353840486186392
1253.0,1.7493091924741668,5.354112384972175
1254.0,1.749124030954534,5.354384026900786
1255.0,1.7489388902052994,5.35465541227083
1256.0,1.7487537700962004,5.354926541380314
1257.0,1.7485686704972476,5.355197414526652
1258.0,1.7483835912787238,5.355468032006665
1259.0,1.748198532311183,5.355738394116586
1260.0,1.7480134934654503,5.356008501152057
1261.0,1.7478284746126205,5.3562783534081335
1262.0,1.7476434756240573,5.356547951179286
1263.0,1.747458496371393,5.356817294759402
1264.0,1.7472735367265275,5.357086384441786
1265.0,1.7470885965616267,5.357355220519161
1266.0,1.7469036757491232,5.357623803283675
1267.0,1.746718774161714,5.357892133026896
1268.0,1.7465338916723612,5.3581602100398165
1269.0,1.74634902815429,5.358428034612857
1270.0,1.7461641834809885,5.358695607035866
1271.0,1.7459793575262066,5.358962927598119
1272.0,1.745794550163956,5.359229996588326
1273.0,1.7456097612685086,5.359496814294626
1274.0,1.745424990714396,5.359763381004597
1275.0,1.7452402383764083,5.360029697005249
1276.0,1.7450555041295948,5.360295762583032
1277.0,1.7448707878492615,5.360561578023835
1278.0,1.7446860894109715,5.360827143612986
1279.0,1.7445014086905435,5.361092459635258
1280.0,1.7443167455640518,5.361357526374866
1281.0,1.7441320999078247,5.361622344115472
1282.0,1.7439474715984447,5.361886913140183
1283.0,1.7437628605127469,5.3621512337315576
1284.0,1.7435782665278188,5.362415306171602
1285.0,1.7433936895209994,5.362679130741777
1286.0,1.7432091293698784,5.362942707722994
1287.0,1.7430245859522957,5.363206037395621
1288.0,1.7428400591463404,5.363469120039481
1289.0,1.7426555488303503,5.363731955933856
1290.0,1.742471054882911,5.363994545357488
1291.0,1.742286577182855,5.364256888588579
1292.0,1.742102115609262,5.364518985904794
1293.0,1.7419176700414565,5.364780837583262
1294.0,1.7417332403590087,5.3650424439005775
1295.0,1.7415488264417327,5.365303805132802
1296.0,1.7413644281696865,5.365564921555466
1297.0,1.741180045423171,5.365825793443569
1298.0,1.740995678082729,5.366086421071583
1299.0,1.740811326029145,5.366346804713452
1300.0,1.7406269891434443,5.366606944642597
1301.0,1.7404426673068925,5.366866841131912
1302.0,1.740258360400994,5.367126494453768
1303.0,1.740074068307493,5.367385904880019
1304.0,1.7398897909083704,5.367645072681996
1305.0,1.7397055280858458,5.367903998130512
1306.0,1.7395212797223745,5.368162681495863
1307.0,1.7393370457006483,5.368421123047832
1308.0,1.7391528259035942,5.3686793230556855
1309.0,1.738968620214374,5.368937281788178
1310.0,1.7387844285163832,5.369194999513556
1311.0,1.7386002506932507,5.369452476499551
1312.0,1.7384160866288383,5.369709713013391
1313.0,1.7382319362072396,5.369966709321795
1314.0,1.7380477993127794,5.370223465690977
1315.0,1.7378636758300134,5.370479982386646
1316.0,1.7376795656437272,5.370736259674011
1317.0,1.7374954686389357,5.370992297817778
1318.0,1.7373113847008825,5.371248097082152
1319.0,1.7371273137150394,5.371503657730842
1320.0,1.7369432555671054,5.371758980027058
1321.0,1.7367592101430063,5.372014064233517
1322.0,1.7365751773288942,5.37226891061244
1323.0,1.7363911570111465,5.372523519425553
1324.0,1.7362071490763655,5.372777890934095
1325.0,1.7360231534113777,5.3730320253988095
1326.0,1.735839169903233,5.373285923079955
1327.0,1.7356551984392041,5.373539584237301
1328.0,1.7354712389067868,5.373793009130132
1329.0,1.7352872911936976,5.374046198017246
1330.0,1.7351033551878745,5.374299151156959
1331.0,1.7349194307774758,5.374551868807103
1332.0,1.7347355178508796,5.3748043512250305
1333.0,1.7345516162966836,5.375056598667615
1334.0,1.7343677260037034,5.375308611391249
1335.0,1.7341838468609727,5.375560389651851
1336.0,1.733999978757743,5.375811933704863
1337.0,1.7338161215834818,5.376063243805253
1338.0,1.7336322752278732,5.376314320207514
1339.0,1.7334484395808167,5.37656516316567
1340.0,1.7332646145324269,5.376815772933272
1341.0,1.7330807999730322,5.3770661497634045
1342.0,1.7328969957931752,5.377316293908682
1343.0,1.732713201883611,5.377566205621253
1344.0,1.7325294181353081,5.377815885152802
1345.0,1.732345644439446,5.378065332754546
1346.0,1.732161880687416,5.378314548677243
1347.0,1.7319781267708199,5.378563533171188
1348.0,1.73179438258147,5.378812286486215
1349.0,1.7316106480113875,5.379060808871699
1350.0,1.7314269229528034,5.37930910057656
1351.0,1.7312432072981565,5.379557161849256
1352.0,1.7310595009400935,5.379804992937795
1353.0,1.7308758037714684,5.380052594089729
1354.0,1.7306921156853419,5.3802999655521555
1355.0,1.7305084365749805,5.380547107571723
1356.0,1.7303247663338568,5.380794020394628
1357.0,1.7301411048556474,5.381040704266618
1358.0,1.7299574520342342,5.3812871594329925
1359.0,1.7297738077637024,5.381533386138605
1360.0,1.7295901719383404,5.381779384627863
1361.0,1.7294065444526394,5.382025155144729
1362.0,1.7292229252012927,5.382270697932723
1363.0,1.7290393140791953,5.382516013234924
1364.0,1.7288557109814429,5.382761101293968
1365.0,1.7286721158033318,5.383005962352053
1366.0,1.7284885284403584,5.383250596650938
1367.0,1.7283049487882178,5.3834950044319445
1368.0,1.7281213767428045,5.3837391859359585
1369.0,1.7279378122002111,5.383983141403432
1370.0,1.7277542550567278,5.384226871074381
1371.0,1.7275707052088418,5.38447037518839
1372.0,1.727387162553237,5.384713653984614
1373.0,1.7272036269867939,5.384956707701774
1374.0,1.7270200984065875,5.385199536578166
1375.0,1.7268365767098888,5.385442140851654
1376.0,1.7266530617941624,5.385684520759678
1377.0,1.7264695535570675,5.385926676539252
1378.0,1.7262860518964565,5.386168608426964
1379.0,1.7261025567103743,5.3864103166589805
1380.0,1.7259190678970584,5.386651801471045
1381.0,1.7257355853549383,5.386893063098478
1382.0,1.7255521089826347,5.387134101776184
1383.0,1.7253686386789588,5.3873749177386445
1384.0,1.7251851743429123,5.387615511219925
1385.0,1.7250017158736863,5.3878558824536755
1386.0,1.7248182631706617,5.388096031673129
1387.0,1.7246348161334075,5.388335959111104
1388.0,1.7244513746616812,5.388575665000006
1389.0,1.724267938655428,5.388815149571827
1390.0,1.72408450801478,5.389054413058151
1391.0,1.723901082640056,5.389293455690148
1392.0,1.7237176624317612,5.389532277698582
1393.0,1.7235342472905861,5.389770879313808
1394.0,1.7233508371174067,5.3900092607657735
1395.0,1.7231674318132832,5.3902474222840215
1396.0,1.7229840312794604,5.39048536409769
1397.0,1.7228006354173664,5.390723086435512
1398.0,1.7226172441286123,5.390960589525819
1399.0,1.7224338573149922,5.391197873596542
1400.0,1.7222504748784824,5.391434938875209
1401.0,1.7220670967212404,5.391671785588952
1402.0,1.7218837227456052,5.391908413964501
1403.0,1.7217003528540966,5.3921448242281915
1404.0,1.7215169869494142,5.392381016605962
1405.0,1.7213336249344378,5.392616991323355
1406.0,1.7211502667122256,5.39285274860552
1407.0,1.7209669121860156,5.393088288677213
1408.0,1.7207835612592233,5.393323611762797
1409.0,1.7206002138354421,5.393558718086245
1410.0,1.720416869818443,5.39379360787114
1411.0,1.7202335291121735,5.394028281340675
1412.0,1.7200501916207576,5.394262738717655
1413.0,1.7198668572484952,5.394496980224501
1414.0,1.7196835258998615,5.3947310060832425
1415.0,1.719500197479507,5.394964816515529
1416.0,1.719316871892256,5.395198411742624
1417.0,1.7191335490431074,5.395431791985408
1418.0,1.7189502288372336,5.395664957464381
1419.0,1.7187669111799797,5.395897908399658
1420.0,1.7185835959768636,5.396130645010979
1421.0,1.7184002831335754,5.396363167517703
1422.0,1.718216972555977,5.39659547613881
1423.0,1.7180336641501015,5.396827571092904
1424.0,1.7178503578221525,5.397059452598213
1425.0,1.7176670534785041,5.397291120872589
1426.0,1.7174837510257004,5.397522576133512
1427.0,1.7173004503704548,5.397753818598086
1428.0,1.7171171514196497,5.397984848483046
1429.0,1.7169338540803363,5.398215666004753
1430.0,1.7167505582597333,5.3984462713792
1431.0,1.7165672638652274,5.398676664822009
1432.0,1.7163839708043724,5.398906846548435
1433.0,1.7162006789848891,5.399136816773365
1434.0,1.7160173883146643,5.399366575711319
1435.0,1.7158340987017506,5.399596123576453
1436.0,1.7156508100543664,5.399825460582558
1437.0,1.7154675222808948,5.40005458694306
1438.0,1.7152842352898836,5.400283502871025
1439.0,1.7151009489900444,5.400512208579155
1440.0,1.714917663290253,5.400740704279792
1441.0,1.714734378099548,5.400968990184918
1442.0,1.7145510933271313,5.401197066506157
1443.0,1.7143678088823668,5.401424933454774
1444.0,1.7141845246747804,5.401652591241678
1445.0,1.71400124061406,5.401880040077421
1446.0,1.7138179566100538,5.402107280172198
1447.0,1.7136346725727714,5.402334311735854
1448.0,1.7134513884123825,5.402561134977876
1449.0,1.7132681040392166,5.402787750107403
1450.0,1.7130848193637627,5.403014157333218
1451.0,1.7129015342966685,5.403240356863757
1452.0,1.712718248748741,5.403466348907103
1453.0,1.7125349626309445,5.403692133670993
1454.0,1.712351675854402,5.403917711362814
1455.0,1.712168388330393,5.404143082189606
1456.0,1.7119850999703548,5.404368246358064
1457.0,1.7118018106858803,5.404593204074536
1458.0,1.7116185203887195,5.4048179555450275
1459.0,1.7114352289907775,5.405042500975199
1460.0,1.7112519364041148,5.405266840570368
1461.0,1.7110686425409471,5.405490974535511
1462.0,1.7108853473136445,5.405714903075263
1463.0,1.7107020506347308,5.40593862639392
1464.0,1.7105187524168841,5.406162144695436
1465.0,1.7103354525729355,5.406385458183431
1466.0,1.7101521510158693,5.406608567061183
1467.0,1.7099688476588217,5.406831471531636
1468.0,1.7097855424150818,5.407054171797398
1469.0,1.7096022351980902,5.4072766680607405
1470.0,1.7094189259214383,5.407498960523602
1471.0,1.7092356144988692,5.407721049387588
1472.0,1.709052300844276,5.4079429348539705
1473.0,1.7088689848717022,5.408164617123692
1474.0,1.7086856664953411,5.408386096397361
1475.0,1.7085023456295356,5.4086073728752595
1476.0,1.708319022188777,5.408828446757338
1477.0,1.7081356960877057,5.409049318243221
1478.0,1.7079523672411103,5.409269987532202
1479.0,1.7077690355639272,5.409490454823251
1480.0,1.70758570097124,5.409710720315012
1481.0,1.70740236337828,5.409930784205802
1482.0,1.7072190227004247,5.410150646693616
1483.0,1.7070356788531982,5.410370307976125
1484.0,1.7068523317522704,5.410589768250678
1485.0,1.706668981313457,5.4108090277143015
1486.0,1.7064856274527187,5.4110280865637
1487.0,1.7063022700861612,5.411246944995261
1488.0,1.7061189091300346,5.41146560320505
1489.0,1.7059355445007334,5.411684061388815
1490.0,1.7057521761147951,5.411902319741987
1491.0,1.7055688038889014,5.412120378459679
1492.0,1.7053854277398766,5.412338237736689
1493.0,1.7052020475846874,5.412555897767499
1494.0,1.7050186633404434,5.412773358746275
1495.0,1.7048352749243956,5.412990620866872
1496.0,1.7046518822539367,5.413207684322832
1497.0,1.7044684852466008,5.413424549307383
1498.0,1.7042850838200625,5.413641216013441
1499.0,1.704101677892137,5.413857684633615
1500.0,1.7039182673807796,5.414073955360201
1501.0,1.7037348522040854,5.414290028385187
1502.0,1.7035514322802887,5.4145059039002525
1503.0,1.7033680075277633,5.41472158209677
1504.0,1.7031845778650214,5.414937063165804
1505.0,1.7030011432107135,5.415152347298116
1506.0,1.702817703483628,5.415367434684158
1507.0,1.7026342586026912,5.41558232551408
1508.0,1.7024508084869667,5.415797019977729
1509.0,1.702267353055655,5.416011518264648
1510.0,1.7020838922280928,5.416225820564078
1511.0,1.7019004259237536,5.416439927064957
1512.0,1.7017169540622468,5.416653837955925
1513.0,1.701533476563317,5.416867553425321
1514.0,1.7013499933468441,5.4170810736611825
1515.0,1.7011665043328432,5.4172943988512525
1516.0,1.7009830094414635,5.417507529182974
1517.0,1.7007995085929888,5.417720464843494
1518.0,1.7006160017078364,5.4179332060196606
1519.0,1.7004324887065576,5.418145752898029
1520.0,1.7002489695098366,5.41835810566486
1521.0,1.7000654440384904,5.418570264506119
1522.0,1.6998819122134685,5.418782229607477
1523.0,1.6996983739558529,5.4189940011543145
1524.0,1.6995148291868571,5.419205579331718
1525.0,1.6993312778278267,5.419416964324486
1526.0,1.6991477198002376,5.419628156317123
1527.0,1.6989641550256975,5.419839155493846
1528.0,1.698780583425944,5.420049962038582
1529.0,1.6985970049228452,5.420260576134969
1530.0,1.698413419438399,5.420470997966359
1531.0,1.6982298268947331,5.420681227715817
1532.0,1.6980462272141041,5.42089126556612
1533.0,1.6978626203188978,5.421101111699762
1534.0,1.6976790061316283,5.421310766298948
1535.0,1.6974953845749383,5.421520229545604
1536.0,1.6973117555715984,5.421729501621369
1537.0,1.6971281190445067,5.421938582707601
1538.0,1.6969444749166884,5.422147472985375
1539.0,1.6967608231112965,5.422356172635485
1540.0,1.69657716355161,5.422564681838445
1541.0,1.6963934961610345,5.422773000774487
1542.0,1.6962098208631016,5.422981129623567
1543.0,1.6960261375814685,5.423189068565359
1544.0,1.6958424462399182,5.4233968177792615
1545.0,1.6956587467623587,5.423604377444393
1546.0,1.6954750390728228,5.423811747739599
1547.0,1.6952913230954678,5.424018928843446
1548.0,1.6951075987545752,5.424225920934227
1549.0,1.6949238659745502,5.42443272418996
1550.0,1.694740124679922,5.424639338788388
1551.0,1.694556374795343,5.4248457649069834
1552.0,1.694372616245588,5.425052002722944
1553.0,1.6941888489555552,5.425258052413195
1554.0,1.694005072850265,5.425463914154392
1555.0,1.6938212878548593,5.425669588122919
1556.0,1.6936374938946026,5.425875074494892
1557.0,1.6934536908948803,5.426080373446154
1558.0,1.6932698787811993,5.426285485152282
1559.0,1.6930860574791873,5.4264904097885855
1560.0,1.6929022269145924,5.426695147530105
1561.0,1.692718387013283,5.426899698551615
1562.0,1.6925345377012477,5.427104063027625
1563.0,1.6923506789045948,5.427308241132376
1564.0,1.6921668105495515,5.427512233039848
1565.0,1.691982932562465,5.427716038923754
1566.0,1.6917990448698002,5.427919658957546
1567.0,1.6916151473981413,5.42812309331441
1568.0,1.6914312400741909,5.4283263421672725
1569.0,1.6912473228247689,5.428529405688797
1570.0,1.691063395576813,5.428732284051387
1571.0,1.6908794582573787,5.4289349774271844
1572.0,1.6906955107936381,5.429137485988073
1573.0,1.6905115531128803,5.4293398099056756
1574.0,1.690327585142511,5.429541949351359
1575.0,1.690143606810052,5.429743904496229
1576.0,1.6899596180431409,5.429945675511138
1577.0,1.6897756187695312,5.430147262566678
1578.0,1.6895916089170917,5.430348665833186
1579.0,1.6894075884138062,5.430549885480747
1580.0,1.6892235571877736,5.430750921679185
1581.0,1.689039515167207,5.430951774598076
1582.0,1.6888554622804341,5.431152444406739
1583.0,1.6886713984558963,5.43135293127424
1584.0,1.688487323622149,5.431553235369395
1585.0,1.6883032377078604,5.431753356860766
1586.0,1.6881191406418128,5.431953295916665
1587.0,1.6879350323529005,5.432153052705153
1588.0,1.6877509127701311,5.432352627394041
1589.0,1.687566781822624,5.432552020150889
1590.0,1.6873826394396112,5.432751231143013
1591.0,1.6871984855504358,5.432950260537476
1592.0,1.687014320084553,5.433149108501096
1593.0,1.6868301429715293,5.433347775200444
1594.0,1.6866459541410417,5.433546260801842
1595.0,1.6864617535228783,5.433744565471369
1596.0,1.6862775410469375,5.433942689374858
1597.0,1.686093316643228,5.434140632677897
1598.0,1.6859090802418681,5.43433839554583
1599.0,1.6857248317730866,5.434535978143758
1600.0,1.6855405711672207,5.434733380636539
1601.0,1.6853562983547172,5.434930603188787
1602.0,1.6851720132661319,5.435127645964878
1603.0,1.6849877158321287,5.435324509128942
1604.0,1.6848034059834804,5.435521192844873
1605.0,1.684619083651068,5.4357176972763215
1606.0,1.6844347487658795,5.4359140225867
1607.0,1.6842504012590112,5.436110168939182
1608.0,1.6840660410616664,5.436306136496702
1609.0,1.6838816681051556,5.4365019254219575
1610.0,1.6836972823208962,5.436697535877409
1611.0,1.6835128836404119,5.43689296802528
1612.0,1.6833284719953328,5.4370882220275565
1613.0,1.683144047317395,5.437283298045991
1614.0,1.6829596095384407,5.437478196242101
1615.0,1.682775158590417,5.437672916777168
1616.0,1.6825906944053768,5.43786745981224
1617.0,1.6824062169154779,5.438061825508131
1618.0,1.6822217260529828,5.438256014025426
1619.0,1.6820372217502586,5.438450025524473
1620.0,1.6818527039397766,5.43864386016539
1621.0,1.6816681725541125,5.438837518108065
1622.0,1.6814836275259453,5.439030999512155
1623.0,1.6812990687880578,5.439224304537084
1624.0,1.681114496273336,5.439417433342051
1625.0,1.680929909914769,5.439610386086023
1626.0,1.6807453096454488,5.439803162927739
1627.0,1.68056069539857,5.439995764025711
1628.0,1.680376067107429,5.4401881895382225
1629.0,1.6801914247054253,5.440380439623331
1630.0,1.680006768126059,5.440572514438867
1631.0,1.679822097302933,5.4407644141424365
1632.0,1.6796374121697506,5.440956138891418
1633.0,1.6794527126603167,5.4411476888429675
1634.0,1.679267998708537,5.441339064154015
1635.0,1.679083270248418,5.4415302649812665
1636.0,1.6788985272140662,5.441721291481207
1637.0,1.6787137695396885,5.441912143810098
1638.0,1.678528997159592,5.442102822123978
1639.0,1.6783442100081831,5.442293326578664
1640.0,1.678159408019968,5.442483657329753
1641.0,1.6779745911295516,5.442673814532619
1642.0,1.6777897592716384,5.442863798342419
1643.0,1.6776049123810313,5.443053608914088
1644.0,1.6774200503926318,5.443243246402344
1645.0,1.67723517324144,5.443432710961685
1646.0,1.6770502808625534,5.44362200274639
1647.0,1.6768653731911682,5.443811121910523
1648.0,1.6766804501625776,5.444000068607929
1649.0,1.6764955117121723,5.444188842992237
1650.0,1.6763105577754402,5.444377445216861
1651.0,1.6761255882879664,5.444565875434997
1652.0,1.6759406031854323,5.444754133799629
1653.0,1.675755602403616,5.444942220463523
1654.0,1.6755705858783918,5.445130135579235
1655.0,1.67538555354573,5.445317879299103
1656.0,1.6752005053416967,5.445505451775255
1657.0,1.6750154412024536,5.445692853159606
1658.0,1.6748303610642579,5.445880083603859
1659.0,1.6746452648634615,5.446067143259503
1660.0,1.674460152536512,5.44625403227782
1661.0,1.6742750240199509,5.446440750809878
1662.0,1.6740898792504146,5.446627299006536
1663.0,1.6739047181646336,5.446813677018444
1664.0,1.6737195406994325,5.446999884996041
1665.0,1.6735343467917299,5.44718592308956
1666.0,1.6733491363785375,5.447371791449022
1667.0,1.673163909396961,5.447557490224245
1668.0,1.672978665784199,5.447743019564836
1669.0,1.6727934054775428,5.447928379620197
1670.0,1.672608128414377,5.4481135705395225
1671.0,1.672422834532178,5.448298592471803
1672.0,1.6722375237685152,5.44848344556582
1673.0,1.6720521960610497,5.448668129970155
1674.0,1.6718668513475345,5.448852645833182
1675.0,1.6716814895658147,5.449036993303071
1676.0,1.6714961106538262,5.44922117252779
1677.0,1.6713107145495967,5.449405183655102
1678.0,1.6711253011912446,5.44958902683257
1679.0,1.6709398705169791,5.449772702207553
1680.0,1.6707544224651005,5.449956209927207
1681.0,1.670568956973999,5.450139550138491
1682.0,1.6703834739821553,5.45032272298816
1683.0,1.6701979734281398,5.450505728622769
1684.0,1.670012455250613,5.450688567188674
1685.0,1.669826919388325,5.450871238832033
1686.0,1.6696413657801152,5.451053743698801
1687.0,1.669455794364912,5.451236081934739
1688.0,1.669270205081733,5.451418253685407
1689.0,1.6690845978696842,5.451600259096169
1690.0,1.6688989726679608,5.451782098312192
1691.0,1.6687133294158458,5.451963771478445
1692.0,1.6685276680527106,5.452145278739701
1693.0,1.6683419885180146,5.452326620240539
1694.0,1.6681562907513048,5.4525077961253405
1695.0,1.667970574692216,5.452688806538293
1696.0,1.66778484028047,5.4528696516233905
1697.0,1.6675990874558762,5.453050331524432
1698.0,1.6674133161583304,5.453230846385023
1699.0,1.6672275263278158,5.453411196348576
1700.0,1.6670417179044017,5.45359138155831
1701.0,1.666855890828244,5.453771402157253
1702.0,1.6666700450395846,5.453951258288241
1703.0,1.6664841804787516,5.4541309500939175
1704.0,1.6662982970861586,5.454310477716737
1705.0,1.666112394802305,5.454489841298961
1706.0,1.6659264735677757,5.4546690409826635
1707.0,1.6657405333232405,5.454848076909727
1708.0,1.6655545740094544,5.455026949221845
1709.0,1.665368595567257,5.455205658060524
1710.0,1.665182597937573,5.455384203567079
1711.0,1.664996581061411,5.45556258588264
1712.0,1.6648105448798638,5.455740805148147
1713.0,1.664624489334109,5.455918861504355
1714.0,1.6644384143654072,5.4560967550918305
1715.0,1.6642523199151031,5.4562744860509556
1716.0,1.664066205924625,5.456452054521924
1717.0,1.663880072335484,5.456629460644748
1718.0,1.6636939190892748,5.456806704559249
1719.0,1.6635077461276748,5.45698378640507
1720.0,1.6633215533924441,5.457160706321666
1721.0,1.6631353408254255,5.457337464448309
1722.0,1.662949108368544,5.457514060924088
1723.0,1.6627628559638066,5.457690495887908
1724.0,1.6625765835533028,5.457866769478493
1725.0,1.6623902910792037,5.458042881834383
1726.0,1.6622039784837617,5.458218833093939
1727.0,1.6620176457093112,5.458394623395338
1728.0,1.6618312926982672,5.458570252876578
1729.0,1.6616449193931264,5.458745721675475
1730.0,1.661458525736466,5.458921029929665
1731.0,1.6612721116709441,5.459096177776606
1732.0,1.6610856771392992,5.459271165353573
1733.0,1.6608992220843501,5.459445992797666
1734.0,1.6607127464489961,5.459620660245806
1735.0,1.6605262501762161,5.4597951678347325
1736.0,1.660339733209069,5.459969515701012
1737.0,1.6601531954906934,5.460143703981029
1738.0,1.6599666369643074,5.460317732810995
1739.0,1.659780057573208,5.460491602326942
1740.0,1.6595934572607716,5.460665312664728
1741.0,1.6594068359704537,5.460838863960034
1742.0,1.6592201936457882,5.461012256348366
1743.0,1.6590335302303878,5.461185489965055
1744.0,1.6588468456679435,5.4613585649452565
1745.0,1.6586601399022245,5.461531481423954
1746.0,1.6584734128770782,5.461704239535955
1747.0,1.6582866645364296,5.461876839415894
1748.0,1.6580998948242818,5.462049281198234
1749.0,1.6579131036847152,5.462221565017263
1750.0,1.6577262910618877,5.462393691007098
1751.0,1.6575394569000341,5.462565659301685
1752.0,1.6573526011434667,5.462737470034796
1753.0,1.6571657237365742,5.462909123340033
1754.0,1.6569788246238222,5.463080619350829
1755.0,1.6567919037497527,5.463251958200444
1756.0,1.6566049610589841,5.463423140021969
1757.0,1.6564179964962111,5.463594164948326
1758.0,1.6562310100062043,5.463765033112266
1759.0,1.6560440015338103,5.463935744646373
1760.0,1.655856971023951,5.464106299683062
1761.0,1.6556699184216241,5.464276698354578
1762.0,1.6554828436719025,5.464446940793
1763.0,1.6552957467199343,5.464617027130239
1764.0,1.6551086275109428,5.464786957498041
1765.0,1.654921485990226,5.464956732027982
1766.0,1.6547343221031563,5.465126350851473
1767.0,1.654547135795181,5.465295814099759
1768.0,1.654359927011822,5.465465121903921
1769.0,1.6541726956986749,5.465634274394872
1770.0,1.653985441801409,5.465803271703362
1771.0,1.6537981652657683,5.465972113959976
1772.0,1.6536108660375701,5.4661408012951345
1773.0,1.6534235440627052,5.466309333839094
1774.0,1.6532361992871378,5.466477711721949
1775.0,1.6530488316569056,5.46664593507363
1776.0,1.652861441118119,5.466814004023904
1777.0,1.6526740276169614,5.466981918702377
1778.0,1.6524865910996889,5.467149679238492
1779.0,1.6522991315126303,5.467317285761531
1780.0,1.652111648802187,5.467484738400614
1781.0,1.6519241429148321,5.467652037284701
1782.0,1.6517366137971115,5.4678191825425895
1783.0,1.6515490613956425,5.4679861743029194
1784.0,1.6513614856571144,5.468153012694169
1785.0,1.6511738865282881,5.468319697844658
1786.0,1.6509862639559962,5.468486229882545
1787.0,1.6507986178871423,5.468652608935832
1788.0,1.6506109482687015,5.468818835132361
1789.0,1.6504232550477196,5.468984908599817
1790.0,1.6502355381713134,5.469150829465725
1791.0,1.6500477975866705,5.469316597857456
1792.0,1.6498600332410491,5.469482213902221
1793.0,1.6496722450817776,5.469647677727074
1794.0,1.6494844330562546,5.469812989458915
1795.0,1.649296597111949,5.469978149224485
1796.0,1.6491087371964,5.470143157150373
1797.0,1.6489208532572155,5.470308013363008
1798.0,1.6487329452420743,5.470472717988667
1799.0,1.6485450130987238,5.47063727115347
1800.0,1.6483570567749815,5.470801672983386
1801.0,1.6481690762187333,5.4709659236042265
1802.0,1.6479810713779346,5.47113002314165
1803.0,1.6477930422006097,5.471293971721162
1804.0,1.6476049886348518,5.471457769468117
1805.0,1.6474169106288223,5.471621416507712
1806.0,1.6472288081307511,5.471784912964995
1807.0,1.6470406810889369,5.4719482589648605
1808.0,1.646852529451746,5.472111454632052
1809.0,1.6466643531676128,5.472274500091162
1810.0,1.6464761521850402,5.472437395466629
1811.0,1.6462879264525978,5.472600140882745
1812.0,1.6460996759189237,5.472762736463649
1813.0,1.645911400532723,5.472925182333328
1814.0,1.645723100242768,5.473087478615622
1815.0,1.6455347749978984,5.473249625434222
1816.0,1.6453464247470206,5.473411622912667
1817.0,1.6451580494391085,5.4735734711743484
1818.0,1.6449696490232018,5.4737351703425094
1819.0,1.6447812234484074,5.473896720540245
1820.0,1.6445927726638985,5.4740581218905024
1821.0,1.6444042966189147,5.47421937451608
1822.0,1.6442157952627614,5.474380478539629
1823.0,1.6440272685448105,5.474541434083656
1824.0,1.6438387164144992,5.474702241270517
1825.0,1.643650138821331,5.474862900222425
1826.0,1.6434615357148743,5.475023411061446
1827.0,1.6432729070447638,5.4751837739094995
1828.0,1.6430842527606988,5.47534398888836
1829.0,1.6428955728124441,5.475504056119656
1830.0,1.6427068671498297,5.475663975724874
1831.0,1.64251813572275,5.475823747825353
1832.0,1.6423293784811646,5.475983372542289
1833.0,1.6421405953750974,5.476142849996734
1834.0,1.641951786354637,5.476302180309596
1835.0,1.641762951369936,5.476461363601642
1836.0,1.641574090371212,5.476620399993492
1837.0,1.6413852033087457,5.476779289605627
1838.0,1.6411962901328825,5.476938032558384
1839.0,1.6410073507940313,5.477096628971958
1840.0,1.6408183852426643,5.477255078966402
1841.0,1.640629393429318,5.477413382661628
1842.0,1.6404403753045915,5.477571540177407
1843.0,1.640251330819148,5.477729551633368
1844.0,1.6400622599237131,5.477887417149002
1845.0,1.639873162569076,5.478045136843658
1846.0,1.639684038706088,5.478202710836544
1847.0,1.6394948882856641,5.478360139246729
1848.0,1.6393057112587812,5.4785174221931445
1849.0,1.6391165075764789,5.47867455979458
1850.0,1.638927277189859,5.478831552169689
1851.0,1.6387380200500858,5.478988399436985
1852.0,1.6385487361083855,5.479145101714844
1853.0,1.638359425316046,5.479301659121502
1854.0,1.6381700876244176,5.47945807177506
1855.0,1.637980722984912,5.47961433979348
1856.0,1.6377913313490022,5.47977046329459
1857.0,1.637601912668223,5.479926442396076
1858.0,1.6374124668941703,5.480082277215492
1859.0,1.6372229939785012,5.480237967870253
1860.0,1.637033493872934,5.480393514477641
1861.0,1.6368439665292478,5.4805489171548
1862.0,1.6366544118992823,5.480704176018739
1863.0,1.6364648299349382,5.480859291186333
1864.0,1.6362752205881768,5.481014262774322
1865.0,1.6360855838110193,5.481169090899312
1866.0,1.6358959195555478,5.4813237756777715
1867.0,1.635706227773904,5.481478317226039
1868.0,1.63551650841829,5.481632715660319
1869.0,1.635326761440968,5.48178697109668
1870.0,1.6351369867942593,5.48194108365106
1871.0,1.6349471844305454,5.482095053439264
1872.0,1.6347573543022673,5.482248880576963
1873.0,1.6345674963619254,5.482402565179696
1874.0,1.634377610562079,5.482556107362873
1875.0,1.6341876968553473,5.482709507241768
1876.0,1.6339977551944078,5.482862764931527
1877.0,1.6338077855319975,5.483015880547162
1878.0,1.6336177878209117,5.483168854203557
1879.0,1.633427762014005,5.483321686015463
1880.0,1.63323770806419,5.483474376097503
1881.0,1.633047625924438,5.483626924564167
1882.0,1.6328575155477785,5.483779331529818
1883.0,1.6326673768872992,5.483931597108689
1884.0,1.6324772098961462,5.4840837214148825
1885.0,1.632287014527523,5.484235704562373
1886.0,1.6320967907346915,5.4843875466650065
1887.0,1.631906538470971,5.4845392478365
1888.0,1.6317162576897384,5.484690808190442
1889.0,1.6315259483444282,5.484842227840295
1890.0,1.6313356103885321,5.484993506899391
1891.0,1.6311452437755993,5.485144645480938
1892.0,1.630954848459236,5.485295643698014
1893.0,1.6307644243931054,5.485446501663572
1894.0,1.6305739715309275,5.485597219490437
1895.0,1.6303834898264793,5.485747797291309
1896.0,1.630192979233594,5.4858982351787615
1897.0,1.6300024397061623,5.486048533265242
1898.0,1.6298118711981302,5.4861986916630725
1899.0,1.6296212736635007,5.48634871048445
1900.0,1.629430647056333,5.486498589841447
1901.0,1.6292399913307418,5.48664832984601
1902.0,1.6290493064408986,5.486797930609962
1903.0,1.6288585923410301,5.486947392245001
1904.0,1.6286678489854192,5.487096714862702
1905.0,1.628477076328404,5.487245898574516
1906.0,1.6282862743243784,5.487394943491769
1907.0,1.6280954429277916,5.487543849725667
1908.0,1.6279045820931481,5.487692617387291
1909.0,1.6277136917750077,5.487841246587598
1910.0,1.6275227719279852,5.487989737437425
1911.0,1.6273318225067501,5.488138090047485
1912.0,1.6271408434660273,5.488286304528372
1913.0,1.6269498347605957,5.4884343809905545
1914.0,1.6267587963452894,5.488582319544382
1915.0,1.6265677281749968,5.488730120300082
1916.0,1.626376630204661,5.488877783367761
1917.0,1.6261855023892786,5.489025308857406
1918.0,1.6259943446839011,5.489172696878882
1919.0,1.625803157043634,5.489319947541933
1920.0,1.6256119394236364,5.489467060956186
1921.0,1.6254206917791214,5.489614037231147
1922.0,1.625229414065356,5.4897608764762005
1923.0,1.6250381062376609,5.489907578800615
1924.0,1.6248467682514098,5.490054144313539
1925.0,1.6246554000620304,5.4902005731240004
1926.0,1.6244640016250034,5.4903468653409115
1927.0,1.6242725728958627,5.490493021073064
1928.0,1.6240811138301954,5.490639040429133
1929.0,1.6238896243836416,5.490784923517675
1930.0,1.6236981045118943,5.49093067044713
1931.0,1.6235065541706992,5.49107628132582
1932.0,1.6233149733158547,5.491221756261949
1933.0,1.6231233619032117,5.491367095363607
1934.0,1.6229317198886735,5.491512298738765
1935.0,1.6227400472281959,5.491657366495278
1936.0,1.6225483438777868,5.491802298740885
1937.0,1.6223566097935065,5.491947095583211
1938.0,1.6221648449314672,5.492091757129763
1939.0,1.621973049247833,5.492236283487933
1940.0,1.6217812226988197,5.492380674764998
1941.0,1.6215893652406952,5.492524931068122
1942.0,1.6213974768297785,5.492669052504351
1943.0,1.6212055574224404,5.49281303918062
1944.0,1.6210136069751033,5.492956891203746
1945.0,1.6208216254442407,5.493100608680436
1946.0,1.6206296127863773,5.49324419171728
1947.0,1.620437568958089,5.493387640420757
1948.0,1.6202454939160027,5.49353095489723
1949.0,1.6200533876167962,5.493674135252953
1950.0,1.6198612500171978,5.493817181594062
1951.0,1.6188334537794367,5.493959835733547
1952.0,1.6178054478471744,5.494101841109231
1953.0,1.6167772312361137,5.494243200203461
1954.0,1.6157488029660267,5.494383915489902
1955.0,1.6147201620607363,5.494523989433575
1956.0,1.6136913075480972,5.494663424490899
1957.0,1.6126622384599767,5.4948022231097235
1958.0,1.6116329538322363,5.494940387729365
1959.0,1.6106034527047128,5.495077920780647
1960.0,1.6095737341212006,5.495214824685933
1961.0,1.6085437971294327,5.495351101859164
1962.0,1.6075136407810622,5.4954867547058965
1963.0,1.6064832641316449,5.495621785623333
1964.0,1.6054526662406208,5.495756197000363
1965.0,1.6044218461712965,5.495889991217592
1966.0,1.6033908029908275,5.496023170647382
1967.0,1.6023595357702003,5.496155737653883
1968.0,1.601328043584215,5.496287694593068
1969.0,1.600296325511468,5.496419043812769
1970.0,1.599264380634334,5.4965497876527065
1971.0,1.5982322080389502,5.49667992844453
1972.0,1.5971998068151976,5.496809468511844
1973.0,1.5961671760566853,5.496938410170248
1974.0,1.595134314860733,5.497066755727365
1975.0,1.5941012223283544,5.497194507482877
1976.0,1.5930678975642403,5.497321667728556
1977.0,1.5920343396767427,5.497448238748298
1978.0,1.5910005477778577,5.4975742228181534
1979.0,1.5899665209832092,5.497699622206362
1980.0,1.5889322584120333,5.497824439173381
1981.0,1.5878977591871615,5.49794867597192
1982.0,1.5868630224350049,5.498072334846971
1983.0,1.5858280472855382,5.49819541803584
1984.0,1.584792832872284,5.498317927768176
1985.0,1.5837573783322971,5.498439866266006
1986.0,1.5827216828061488,5.498561235743762
1987.0,1.5816857454379112,5.4986820384083135
1988.0,1.5806495653751418,5.498802276458996
1989.0,1.5796131417688686,5.498921952087643
1990.0,1.5785764737735741,5.499041067478615
1991.0,1.577539560547181,5.499159624808829
1992.0,1.5765024012510362,5.499277626247789
1993.0,1.575464995049897,5.499395073957613
1994.0,1.5744273411119145,5.4995119700930655
1995.0,1.5733894386086211,5.499628316801583
1996.0,1.5723512867149139,5.4997441162233045
1997.0,1.5713128846090405,5.499859370491102
1998.0,1.5702742314725855,5.499974081730604
1999.0,1.5692353264904548,5.500088252060231
2000.0,1.5681961688508619,5.500201883591216
2001.0,1.5671567577453136,5.500314978427635
2002.0,1.5661170923685956,5.500427538666438
2003.0,1.565077171918759,5.500539566397472
2004.0,1.5640369955971056,5.500651063703511
2005.0,1.5629965626081743,5.500762032660284
2006.0,1.5619558721597273,5.500872475336498
2007.0,1.5609149234627362,5.50098239379387
2008.0,1.5598737157313687,5.501091790087149
2009.0,1.5588322481829748,5.501200666264147
2010.0,1.557790520038073,5.501309024365761
2011.0,1.5567485305203375,5.501416866426003
2012.0,1.555706278856584,5.501524194472023
2013.0,1.5546637642767576,5.501631010524138
2014.0,1.5536209860139185,5.501737316595855
2015.0,1.5525779433042297,5.501843114693898
2016.0,1.5515346353869435,5.501948406818234
2017.0,1.5504910615043885,5.502053194962095
2018.0,1.5494472209019576,5.50215748111201
2019.0,1.5484031128280937,5.502261267247822
2020.0,1.5473587365342785,5.502364555342717
2021.0,1.5463140912750184,5.502467347363249
2022.0,1.5452691763078334,5.502569645269363
2023.0,1.5442239908932438,5.50267145101442
2024.0,1.5431785342947575,5.502772766545223
2025.0,1.5421328057788581,5.502873593802038
2026.0,1.5410868046149926,5.502973934718619
2027.0,1.540040530075559,5.503073791222233
2028.0,1.5389939814358946,5.503173165233684
2029.0,1.537947157974263,5.503272058667333
2030.0,1.5369000589718427,5.503370473431127
2031.0,1.5358526837127155,5.503468411426615
2032.0,1.5348050314838542,5.503565874548979
2033.0,1.5337571015751106,5.503662864687052
2034.0,1.5327088932792041,5.503759383723342
2035.0,1.53166040589171,5.503855433534054
2036.0,1.5306116387110478,5.503951015989116
2037.0,1.5295625910384696,5.504046132952196
2038.0,1.5285132621780488,5.504140786280729
2039.0,1.5274636514366688,5.504234977825938
2040.0,1.5264137581240111,5.504328709432854
2041.0,1.5253635815525446,5.5044219829403405
2042.0,1.524313121037514,5.504514800181114
2043.0,1.5232623758969293,5.504607162981765
2044.0,1.5222113454515533,5.504699073162783
2045.0,1.5211600290248926,5.504790532538574
2046.0,1.5201084259431845,5.5048815429174836
2047.0,1.5190565355353878,5.5049721061018175
2048.0,1.5180043571331707,5.505062223887864
2049.0,1.516951890070901,5.505151898065915
2050.0,1.5158991336856344,5.505241130420282
2051.0,1.514846087317105,5.5053299227293255
2052.0,1.5137927503077135,5.505418276765468
2053.0,1.5127391220025177,5.505506194295218
2054.0,1.5116852017492206,5.505593677079189
2055.0,1.5106309888981617,5.505680726872123
2056.0,1.5095764828023053,5.505767345422905
2057.0,1.5085216828172305,5.505853534474588
2058.0,1.5074665883011216,5.505939295764412
2059.0,1.5064111986147564,5.506024631023821
2060.0,1.5053555131214977,5.506109541978485
2061.0,1.5042995311872822,5.50619403034832
2062.0,1.5032432521806105,5.506278097847508
2063.0,1.5021866754725373,5.5063617461845125
2064.0,1.5011298004366616,5.506444977062102
2065.0,1.5000726264491164,5.5065277921773665
2066.0,1.4990151528885594,5.50661019322174
2067.0,1.4979573791361622,5.506692181881015
2068.0,1.4968993045756018,5.506773759835365
2069.0,1.4958409285930503,5.506854928759361
2070.0,1.494782250577165,5.50693569032199
2071.0,1.4937232699190794,5.507016046186677
2072.0,1.4926639860123931,5.507095998011298
2073.0,1.4916043982531626,5.507175547448204
2074.0,1.490544506039892,5.507254696144236
2075.0,1.4894843087735234,5.507333445740742
2076.0,1.4884238058574273,5.5074117978735995
2077.0,1.4873629966973936,5.507489754173228
2078.0,1.4863018807016228,5.5075673162646135
2079.0,1.4852404572807159,5.507644485767318
2080.0,1.4841787258476657,5.507721264295505
2081.0,1.483116685817848,5.507797653457951
2082.0,1.4820543366090115,5.507873654858068
2083.0,1.4809916776412704,5.50794927009392
2084.0,1.4799287083370938,5.508024500758234
2085.0,1.4788654281212976,5.508099348438426
2086.0,1.477801836421036,5.508173814716615
2087.0,1.4767379326657915,5.508247901169637
2088.0,1.475673716287367,5.508321609369064
2089.0,1.474609186719877,5.5083949408812245
2090.0,1.4735443433997386,5.508467897267214
2091.0,1.472479185765663,5.508540480082916
2092.0,1.4714137132586467,5.5086126908790165
2093.0,1.4703479253219631,5.508684531201022
2094.0,1.4692818214011543,5.508756002589276
2095.0,1.4682154009440216,5.508827106578974
2096.0,1.4671486634006181,5.508897844700179
2097.0,1.4660816082232397,5.5089682184778415
2098.0,1.465014234866417,5.509038229431812
2099.0,1.463946542786907,5.509107879076858
2100.0,1.462878531443684,5.5091771689226805
2101.0,1.4618102002979332,5.509246100473931
2102.0,1.4607415488130404,5.509314675230223
2103.0,1.4596725764545853,5.509382894686153
2104.0,1.4586032826903323,5.509450760331314
2105.0,1.4575336669902235,5.509518273650308
2106.0,1.4564637288263695,5.509585436122767
2107.0,1.455393467673043,5.509652249223365
2108.0,1.4543228830066683,5.509718714421832
2109.0,1.4532519743058165,5.509784833182976
2110.0,1.4521807410511949,5.509850606966688
2111.0,1.4511091827256404,5.509916037227965
2112.0,1.4500372988141117,5.509981125416924
2113.0,1.4489650888036811,5.510045872978813
2114.0,1.447892552183527,5.510110281354029
2115.0,1.4468196884449265,5.510174351978134
2116.0,1.4457464970812466,5.510238086281865
2117.0,1.444672977587938,5.510301485691156
2118.0,1.443599129462526,5.510364551627142
2119.0,1.442524952204605,5.510427285506186
2120.0,1.4414504453158286,5.5104896887398835
2121.0,1.4403756082999033,5.510551762735082
2122.0,1.4393004406625811,5.510613508893893
2123.0,1.438224941911652,5.510674928613708
2124.0,1.4371491115569361,5.510736023287211
2125.0,1.4360729491102773,5.510796794302395
2126.0,1.4349964540855344,5.510857243042575
2127.0,1.4339196259985751,5.510917370886399
2128.0,1.4328424643672684,5.510977179207866
2129.0,1.4317649687114768,5.511036669376338
2130.0,1.4306871385530502,5.511095842756555
2131.0,1.4296089734158175,5.511154700708648
2132.0,1.4285304728255803,5.511213244588151
2133.0,1.4274516363101055,5.5112714757460175
2134.0,1.4263724633991182,5.511329395528632
2135.0,1.4252929536242946,5.511387005277825
2136.0,1.4242131065192556,5.511444306330886
2137.0,1.4231329216195587,5.511501300020575
2138.0,1.4220523984626918,5.511557987675137
2139.0,1.4209715365880664,5.511614370618319
2140.0,1.4198903355370103,5.511670450169376
2141.0,1.4188087948527606,5.5117262276430905
2142.0,1.4177269140804576,5.511781704349781
2143.0,1.416644692767137,5.511836881595318
2144.0,1.4155621304617243,5.511891760681136
2145.0,1.4144792267150268,5.511946342904246
2146.0,1.4133959810797279,5.5120006295572495
2147.0,1.4123123931103798,5.512054621928349
2148.0,1.4112284623633973,5.512108321301363
2149.0,1.4101441883970505,5.512161728955737
2150.0,1.409059570771459,5.512214846166559
2151.0,1.4079746090485847,5.512267674204569
2152.0,1.4068893027922258,5.512320214336172
2153.0,1.4058036515680095,5.512372467823451
2154.0,1.4047176549433862,5.5124244359241805
2155.0,1.403631312487623,5.512476119891837
2156.0,1.402544623771797,5.512527520975612
2157.0,1.4014575883687885,5.512578640420426
2158.0,1.4003702058532757,5.512629479466935
2159.0,1.3992824758017273,5.512680039351551
2160.0,1.3981943977923967,5.512730321306448
2161.0,1.3971059714053158,5.512780326559575
2162.0,1.396017196222288,5.512830056334671
2163.0,1.394928071826883,5.512879511851273
2164.0,1.3938385978044296,5.51292869432473
2165.0,1.39274877374201,5.512977604966213
2166.0,1.3916585992284531,5.513026244982733
2167.0,1.3905680738543298,5.513074615577143
2168.0,1.3894771972119448,5.513122717948156
2169.0,1.3883859688953322,5.513170553290357
2170.0,1.387294388500248,5.513218122794213
2171.0,1.3862024556241657,5.513265427646083
2172.0,1.3851101698662684,5.5133124690282305
2173.0,1.3840175308274447,5.513359248118839
2174.0,1.382924538110281,5.513405766092016
2175.0,1.3818311913190566,5.513452024117812
2176.0,1.3807374900597373,5.513498023362225
2177.0,1.3796434339399697,5.513543764987218
2178.0,1.3785490225690753,5.513589250150725
2179.0,1.3774542555580447,5.513634480006664
2180.0,1.376359132519531,5.513679455704952
2181.0,1.3752636530678455,5.5137241783915085
2182.0,1.3741678168189502,5.5137686492082745
2183.0,1.3730716233904532,5.513812869293217
2184.0,1.3719750724016024,5.5138568397803445
2185.0,1.37087816347328,5.513900561799716
2186.0,1.369780896227997,5.513944036477452
2187.0,1.3686832702898863,5.513987264935745
2188.0,1.367585285284699,5.514030248292872
2189.0,1.3664869408397973,5.514072987663202
2190.0,1.3653882365841488,5.514115484157213
2191.0,1.364289172148322,5.514157738881495
2192.0,1.3631897471644796,5.514199752938764
2193.0,1.3620899612663737,5.514241527427877
2194.0,1.3609898140893397,5.514283063443834
2195.0,1.3598893052702914,5.5143243620777955
2196.0,1.3587884344477148,5.51436542441709
2197.0,1.357687201261663,5.514406251545223
2198.0,1.3565856053537506,5.514446844541894
2199.0,1.3554836463671487,5.514487204482998
2200.0,1.3543813239465787,5.514527332440642
2201.0,1.3532786377383075,5.514567229483155
2202.0,1.3521755873901418,5.514606896675093
2203.0,1.351072172551423,5.5146463350772565
2204.0,1.3499683928730217,5.514685545746697
2205.0,1.3488642480073325,5.514724529736725
2206.0,1.3477597376082682,5.514763288096924
2207.0,1.346654861331255,5.514801821873162
2208.0,1.3455496188332274,5.514840132107594
2209.0,1.3444440097726227,5.514878219838679
2210.0,1.3433380338093752,5.514916086101189
2211.0,1.342231690604912,5.514953731926216
2212.0,1.3411249798221474,5.514991158341184
2213.0,1.3400179011254771,5.51502836636986
2214.0,1.3389104541807741,5.515065357032361
2215.0,1.337802638655383,5.5151021313451665
2216.0,1.3366944542181145,5.515138690321126
2217.0,1.3355859005392414,5.515175034969471
2218.0,1.3344769772904925,5.515211166295822
2219.0,1.3333676841450477,5.515247085302203
2220.0,1.3322580207775334,5.515282792987045
2221.0,1.331147986864017,5.515318290345199
2222.0,1.330037582082002,5.5153535783679475
2223.0,1.3289268061104236,5.515388658043009
2224.0,1.3278156586296423,5.515423530354553
2225.0,1.3267041393214407,5.515458196283205
2226.0,1.3255922478690172,5.51549265680606
2227.0,1.3244799839569814,5.5155269128966875
2228.0,1.3233673472713496,5.515560965525145
2229.0,1.3222543374995397,5.515594815657985
2230.0,1.321140954330366,5.515628464258265
2231.0,1.3200271974540345,5.515661912285559
2232.0,1.3189130665621385,5.515695160695961
2233.0,1.3177985613476528,5.515728210442101
2234.0,1.31668368150493,5.515761062473151
2235.0,1.315568426729695,5.515793717734832
2236.0,1.3144527967190403,5.515826177169429
2237.0,1.313336791171421,5.515858441715796
2238.0,1.3122204097866512,5.5158905123093644
2239.0,1.3111036522658976,5.515922389882156
2240.0,1.3099865183116761,5.515954075362787
2241.0,1.308869007627846,5.515985569676483
2242.0,1.3077511199196064,5.516016873745083
2243.0,1.3066328548934907,5.516047988487051
2244.0,1.3055142122573624,5.516078914817484
2245.0,1.3043951917204104,5.5161096536481224
2246.0,1.3032757929931438,5.516140205887356
2247.0,1.3021560157873882,5.516170572440236
2248.0,1.3010358598162803,5.516200754208483
2249.0,1.299915324794264,5.516230752090492
2250.0,1.2987944104370852,5.516260566981351
2251.0,1.2976731164617874,5.516290199772837
2252.0,1.2965514425867073,5.516319651353435
2253.0,1.2954293885314705,5.516348922608342
2254.0,1.2943069540169865,5.516378014419478
2255.0,1.2931841387654446,5.51640692766549
2256.0,1.2920609425003087,5.516435663221768
2257.0,1.2909373649463138,5.516464221960447
2258.0,1.2898134058294612,5.516492604750421
2259.0,1.2886890648770135,5.516520812457347
2260.0,1.2875643418174907,5.516548845943655
2261.0,1.2864392363806658,5.51657670606856
2262.0,1.28531374829756,5.516604393688065
2263.0,1.2841878773004392,5.516631909654974
2264.0,1.2830616231228082,5.516659254818897
2265.0,1.2819349854994075,5.516686430026263
2266.0,1.2808079641662087,5.516713436120322
2267.0,1.2796805588604099,5.51674027394116
2268.0,1.2785527693204313,5.516766944325703
2269.0,1.2774245952859113,5.516793448107727
2270.0,1.2762960364977023,5.516819786117867
2271.0,1.2751670926978653,5.516845959183623
2272.0,1.2740377636296671,5.516871968129373
2273.0,1.272908049037575,5.5168978137763744
2274.0,1.2717779486672531,5.516923496942778
2275.0,1.270647462265558,5.5169490184436345
2276.0,1.2695165895805338,5.516974379090901
2277.0,1.2683853303614094,5.5169995796934534
2278.0,1.2672536843585929,5.5170246210570895
2279.0,1.2661216513236682,5.51704950398454
2280.0,1.2649892310093902,5.517074229275479
2281.0,1.2638564231696814,5.517098797726525
2282.0,1.2627232275596272,5.517123210131256
2283.0,1.261589643935472,5.517147467280216
2284.0,1.2604556720546147,5.517171569960919
2285.0,1.2593213116756055,5.5171955189578625
2286.0,1.2581865625581405,5.517219315052534
2287.0,1.2570514244630588,5.517242959023416
2288.0,1.2559158971523376,5.517266451645996
2289.0,1.2547799803890884,5.517289793692778
2290.0,1.2536436739375532,5.517312985933283
2291.0,1.2525069775631001,5.517336029134064
2292.0,1.2513698910322197,5.51735892405871
2293.0,1.2502324141125203,5.517381671467855
2294.0,1.2490945465727248,5.517404272119185
2295.0,1.247956288182666,5.517426726767448
2296.0,1.246817638713283,5.517449036164461
2297.0,1.2456785979366172,5.517471201059115
2298.0,1.2445391656258082,5.517493222197387
2299.0,1.24339934155509,5.5175151003223455
2300.0,1.2422591254997866,5.517536836174159
