t,H,L
0.0,3.68,3.44
1.0,3.6240166866032077,3.4934258019100017
2.0,3.577477017859653,3.539165056222081
3.0,3.5377346757087187,3.579223316917602
4.0,3.503111769563173,3.6149044052309773
5.0,3.4724789263093574,3.6471051075460124
6.0,3.4450404309707503,3.676469441095642
7.0,3.420215026464887,3.7034759545415628
8.0,3.39756548608723,3.72849022564754
9.0,3.3767548464086583,3.7517980078527358
10.0,3.3575180558117808,3.7736270143027726
11.0,3.3396429599345767,3.7941617227394677
12.0,3.322957167139265,3.813553728215961
13.0,3.307318742243519,3.8319291623975738
14.0,3.292609465332213,3.8493941254180366
15.0,3.2787298529093145,3.8660387379975174
16.0,3.2655954169018475,3.8819402149334232
17.0,3.2531338103310254,3.897165231116696
18.0,3.2412826193241693,3.911771767313207
19.0,3.229987633762865,3.9258105674913106
20.0,3.2192014774632502,3.93932630204984
21.0,3.2088825119419924,3.952358505562042
22.0,3.1989939508424126,3.964942339644575
23.0,3.1895031383351133,3.977109218765711
24.0,3.1803809564321512,3.988887327584214
25.0,3.171601334587205,4.000302051674837
26.0,3.163140841148515,4.0113763385173336
27.0,3.1549783408334613,4.022131001903818
28.0,3.1470947058492604,4.032584980107862
29.0,3.139472570904775,4.042755556014398
30.0,3.1320961243640535,4.052658545759261
31.0,3.1249509293405127,4.062308461146395
32.0,3.118023769735628,4.071718650108759
33.0,3.111302517170869,4.080901418689349
34.0,3.104776015507863,4.089868137391984
35.0,3.098433980245121,4.098629334250891
36.0,3.0922669105544394,4.107194776565579
37.0,3.0862660121023033,4.115573542922095
38.0,3.0804231291110438,4.123774086857074
39.0,3.07473068436637,4.131804293304688
40.0,3.06918162608398,4.139671528788876
41.0,3.0637693807173685,4.147382686176489
42.0,3.0584813680157286,4.154952989097253
43.0,3.0532908565761874,4.162417250026363
44.0,3.0481928183163487,4.169781081227469
45.0,3.043184162944345,4.177047537654196
46.0,3.038261950484626,4.18421953485209
47.0,3.0334233817398126,4.191299857395515
48.0,3.028665789494648,4.198291166692321
49.0,3.0239866303939884,4.205196008212494
50.0,3.0193834774339265,4.212016818191261
51.0,3.014854013011463,4.218755929851982
52.0,3.010396022483712,4.225415579189701
53.0,3.0060073881925673,4.231997910352176
54.0,3.001686083915137,4.23850498065168
55.0,2.9974301697041303,4.24493876523766
56.0,2.9932385209700874,4.251300117687462
57.0,2.9891226924831202,4.25757182957794
58.0,2.9850869093762373,4.263746993796456
59.0,2.981128355423466,4.269828744879392
60.0,2.977244358503241,4.275820065277055
61.0,2.9734323809915995,4.2817237950978955
62.0,2.969690010939917,4.287542641081691
63.0,2.9660149539617127,4.293279184873951
64.0,2.9624050257613854,4.298935890666
65.0,2.9588581452450224,4.304515112258362
66.0,2.9553723281598296,4.310019099599033
67.0,2.951945681214364,4.315450004842918
68.0,2.9485763966367022,4.320809887974019
69.0,2.94526274713208,4.326100722027781
70.0,2.9420030812054,4.331324397947335
71.0,2.9387958188174603,4.336482729104089
72.0,2.9356394473467975,4.341577455510189
73.0,2.932532517831766,4.346610247747779
74.0,2.929473641469892,4.351582710637673
75.0,2.9264614863537015,4.35649638666794
76.0,2.9234947744241544,4.361352759201078
77.0,2.9205722786245527,4.3661532554767435
78.0,2.9176928202393317,4.370899249425531
79.0,2.9148552664035443,4.375592064307925
80.0,2.9120585277701,4.380232975191328
81.0,2.909301556322945,4.3848232112769745
82.0,2.90658334332539,4.3893639580875545
83.0,2.903902917393708,4.393856359525443
84.0,2.9012593426869637,4.398301519810643
85.0,2.89865171720477,4.402700505306814
86.0,2.8960791711853684,4.40705434624304
87.0,2.8935408655970334,4.411364038338461
88.0,2.8910359907163685,4.415630544336249
89.0,2.8885637647875746,4.419854795452971
90.0,2.8861234327572283,4.424037692748883
91.0,2.8837142650795373,4.428180108424293
92.0,2.8813355565874303,4.432282887046732
93.0,2.878986625425178,4.436346846713346
94.0,2.8766668120385828,4.44037278015256
95.0,2.874375478219053,4.4443614557688065
96.0,2.8721120061981615,4.448313618633812
97.0,2.8698757977895277,4.45222999142771
98.0,2.8676662735750935,4.456111275332986
99.0,2.8654828721330743,4.459958150884093
100.0,2.8633250493050526,4.463771278775338
101.0,2.8611922774998657,4.467551300629489
102.0,2.8590840450320973,4.471298839729378
103.0,2.856999855493134,4.475014501714621
104.0,2.854939227152887,4.478698875245442
105.0,2.852901692390406,4.48235253263544
106.0,2.850886797151732,4.48597603045505
107.0,2.848894100433446,4.489569910107292
108.0,2.8469231737904623,4.493134698377353
109.0,2.8449736008667266,4.496670907957392
110.0,2.843044976947547,4.500179037947921
111.0,2.841136908532381,4.503659574336999
112.0,2.8392490129269627,4.507112990458406
113.0,2.8373809178537406,4.510539747429912
114.0,2.8355322610796434,4.513940294572655
115.0,2.833702690060263,4.517315069812609
116.0,2.8318918615995945,4.5206645000650525
117.0,2.830099441524527,4.523989001602898
118.0,2.828325104373325,4.527288980409683
119.0,2.8265685330973884,4.530564832517998
120.0,2.8248294187756176,4.533816944334054
121.0,2.8231074603407524,4.53704569294908
122.0,2.8214023643170907,4.540251446438175
123.0,2.8197138445690197,4.54343456414723
124.0,2.818041622059838,4.546595396968482
125.0,2.816385424620361,4.549734287605238
126.0,2.8147449867268457,4.552851570826278
127.0,2.8131200492877837,4.555947573710418
128.0,2.8115103594391435,4.559022615881681
129.0,2.8099156703476655,4.562077009735527
130.0,2.808335741021834,4.565111060656514
131.0,2.806770336130167,4.56812506722781
132.0,2.805219225826491,4.571119321432901
133.0,2.8036821855818803,4.574094108849852
134.0,2.8021589960229605,4.577049708838442
135.0,2.800649442776284,4.579986394720489
136.0,2.7991533163185167,4.582904433953665
137.0,2.7976704118321685,4.58580408829907
138.0,2.796200529066629,4.588685613982847
139.0,2.794743472204276,4.591549261852079
140.0,2.793299049731435,4.59439527752522
141.0,2.7918670743139837,4.597223901537278
142.0,2.7904473626773987,4.600035369479979
143.0,2.7890397354910608,4.602829912137113
144.0,2.787644017256636,4.605607755615263
145.0,2.7862600362003604,4.6083691214701
146.0,2.784887624169072,4.6111142268284375
147.0,2.783526616529827,4.613843284506191
148.0,2.782176852072962,4.616556503122436
149.0,2.780838172918455,4.619254087209695
150.0,2.7795104244254523,4.621936237320614
151.0,2.77819345510484,4.624603150131169
152.0,2.77688711653473,4.627255018540538
153.0,2.7755912632787525,4.629892031767756
154.0,2.7743057528070363,4.6325143754453
155.0,2.7730304454197814,4.635122231709693
156.0,2.7717652041733127,4.637715779289263
157.0,2.7705098948085283,4.640295193589154
158.0,2.769264385681642,4.642860646773685
159.0,2.7680285476971376,4.645412307846177
160.0,2.7668022542428514,4.647950342726317
161.0,2.7655853811270976,4.650474914325167
162.0,2.764377806517767,4.652986182617889
163.0,2.763179410883317,4.6554843047142915
164.0,2.761990076935594,4.657969434927249
165.0,2.760809689574407,4.66044172483909
166.0,2.7596381358338022,4.662901323366015
167.0,2.7584753048299673,4.665348376820626
168.0,2.7573210877107077,4.667783028972622
169.0,2.756175377606444,4.670205421107725
170.0,2.7550380695826706,4.672615692084914
171.0,2.753909060593823,4.675013978392005
172.0,2.75278824943851,4.677400414199641
173.0,2.7516755367160575,4.679775131413761
174.0,2.7505708247843192,4.682138259726569
175.0,2.749474017718713,4.684489926666087
176.0,2.7483850212724352,4.686830257644317
177.0,2.7473037428378193,4.6891593760040635
178.0,2.7462300914087945,4.6914774030644715
179.0,2.7451639775444083,4.693784458165304
180.0,2.7441053133333795,4.6960806587100175
181.0,2.743054012359643,4.698366120207667
182.0,2.742009989668858,4.7006409563136735
183.0,2.7409731617358424,4.702905278869506
184.0,2.739943446432907,4.705159197941294
185.0,2.738920762999059,4.70740282185742
186.0,2.7379050320100444,4.70963625724512
187.0,2.736896175349205,4.711859609066113
188.0,2.735894116179121,4.714072980651308
189.0,2.734898778914016,4.716276473734608
190.0,2.7339100891928974,4.7184701884858296
191.0,2.7329279738534153,4.720654223542789
192.0,2.7319523609064067,4.722828676042558
193.0,2.7309831795111124,4.724993641651922
194.0,2.7300203599510415,4.727149214597078
195.0,2.7290638336104656,4.729295487692567
196.0,2.7281135329515185,4.731432552369497
197.0,2.72716939149189,4.733560498703051
198.0,2.7262313437830885,4.735679415439318
199.0,2.7252993253892592,4.737789390021455
200.0,2.72437327286654,4.739890508615215
201.0,2.7234531237429382,4.741982856133839
202.0,2.7225388164987145,4.744066516262355
203.0,2.7216302905472545,4.746141571481279
204.0,2.7207274862164197,4.748208103089748
205.0,2.7198303447303576,4.750266191228101
206.0,2.718938808191761,4.7523159148999135
207.0,2.7180528195645635,4.7543573519935185
208.0,2.7171723226570546,4.7563905793030115
209.0,2.716297262105408,4.758415672548765
210.0,2.7154275833576054,4.760432706397462
211.0,2.714563232657749,4.762441754481659
212.0,2.713704157030749,4.764442889418904
213.0,2.7128503042673757,4.766436182830403
214.0,2.7120016229096664,4.768421705359267
215.0,2.7111580622366778,4.770399526688335
216.0,2.7103195722505706,4.772369715557593
217.0,2.709486103663024,4.774332339781201
218.0,2.7086576078819613,4.776287466264131
219.0,2.707834036998588,4.77823516101844
220.0,2.7070153437747257,4.780175489179168
221.0,2.70620148163044,4.7821085150198925
222.0,2.705392404631947,4.784034301967931
223.0,2.704588067479799,4.785952912619212
224.0,2.7037884254973363,4.7878644087528235
225.0,2.7029934346194016,4.789768851345232
226.0,2.702203051381303,4.791666300584206
227.0,2.70141723290803,4.793556815882426
228.0,2.7006359369037045,4.7954404558908115
229.0,2.699859121641269,4.797317278511551
230.0,2.6990867459524015,4.799187340910864
231.0,2.698318769217651,4.8010506995314834
232.0,2.6975551513567892,4.802907410104877
233.0,2.6967958528193754,4.804757527663213
234.0,2.6960408345755202,4.806601106551067
235.0,2.6952900581068553,4.808438200436893
236.0,2.694543485397692,4.810268862324247
237.0,2.693801078926374,4.8120931445627875
238.0,2.693062801656809,4.813911098859036
239.0,2.6923286170301854,4.815722776286928
240.0,2.691598488956864,4.817528227298142
241.0,2.690872381808434,4.819327501732219
242.0,2.690150260409945,4.821120648826472
243.0,2.689432090032295,4.822907717225706
244.0,2.688717836384777,4.8246887549917306
245.0,2.688007465607784,4.826463809612686
246.0,2.6873009442656612,4.828232928012185
247.0,2.686598239339705,4.829996156558272
248.0,2.685899318221308,4.831753541072198
249.0,2.6852041487052416,4.833505126837032
250.0,2.684512698983075,4.835250958606099
251.0,2.6838249376367296,4.836991080611247
252.0,2.6831408336321587,4.838725536570964
253.0,2.68246035631316,4.840454369698328
254.0,2.6817834753953074,4.842177622708807
255.0,2.681110160960004,4.843895337827906
256.0,2.680440383448655,4.845607556798672
257.0,2.6797741136569555,4.84731432088905
258.0,2.679111322729289,4.849015670899102
259.0,2.6784519821532355,4.8507116471680884
260.0,2.677796063754191,4.852402289581413
261.0,2.6771435396900856,4.854087637577441
262.0,2.6764943824462084,4.85576773015419
263.0,2.675848564830132,4.857442605875885
264.0,2.675206059966731,4.85911230287941
265.0,2.674566841293301,4.8607768588806195
266.0,2.6739308825547665,4.8624363111805495
267.0,2.6732981577989836,4.864090696671505
268.0,2.672668641372128,4.86574005184304
269.0,2.6720423079141726,4.867384412787825
270.0,2.67141913235445,4.8690238152074095
271.0,2.6707990899072955,4.870658294417883
272.0,2.670182156067777,4.872287885355425
273.0,2.6695683066074976,4.873912622581764
274.0,2.6689575175704805,4.875532540289535
275.0,2.6683497652691295,4.877147672307538
276.0,2.667745026280261,4.878758052105911
277.0,2.6671432774412125,4.8803637128012
278.0,2.6665444958460185,4.881964687161352
279.0,2.6659486588416597,4.883561007610605
280.0,2.665355744024377,4.885152706234308
281.0,2.6647657292360547,4.886739814783647
282.0,2.664178592560666,4.888322364680288
283.0,2.663594312320785,4.889900387020945
284.0,2.66301286707416,4.891473912581864
285.0,2.6624342356103474,4.893042971823232
286.0,2.6618583969474057,4.89460759489351
287.0,2.6612853303286483,4.896167811633693
288.0,2.6607150152194534,4.89772365158149
289.0,2.660147431304129,4.899275143975446
290.0,2.6595825584828354,4.90082231775898
291.0,2.659020376868558,4.902365201584366
292.0,2.658460866784135,4.90390382381664
293.0,2.6579040087593357,4.905438212537445
294.0,2.6573497835279904,4.906968395548807
295.0,2.6567981720251685,4.908494400376857
296.0,2.656249155384405,4.910016254275481
297.0,2.6557027149349755,4.911533984229916
298.0,2.655158832199216,4.913047616960283
299.0,2.65461748888989,4.914557178925066
300.0,2.654078666907599,4.916062696324532
301.0,2.653542348338238,4.9175641951040925
302.0,2.6530085154504905,4.919061700957611
303.0,2.6524771506933704,4.920555239330663
304.0,2.6519482366938005,4.922044835423736
305.0,2.6514217562542344,4.923530514195379
306.0,2.650897692350316,4.925012300365306
307.0,2.6503760281285778,4.926490218417443
308.0,2.64985674690418,4.927964292602932
309.0,2.6493398321586814,4.929434546943087
310.0,2.648825267537852,4.930901005232296
311.0,2.6483130368495185,4.932363691040886
312.0,2.6478031240614457,4.933822627717939
313.0,2.6472955132992517,4.935277838394063
314.0,2.646790188844358,4.936729345984119
315.0,2.646287135131972,4.938177173189912
316.0,2.6457863367491,4.939621342502827
317.0,2.6452877784325963,4.941061876206439
318.0,2.64479144506724,4.942498796379073
319.0,2.6442973216838435,4.943932124896326
320.0,2.64380539345739,4.945361883433554
321.0,2.6433156457052034,4.946788093468316
322.0,2.6428280638851427,4.948210776282785
323.0,2.642342633593829,4.949629952966118
324.0,2.6418593405648982,4.951045644416794
325.0,2.6413781706672808,4.952457871344916
326.0,2.6408991099035086,4.953866654274473
327.0,2.6404221444080496,4.955272013545577
328.0,2.639947260445665,4.956673969316657
329.0,2.6394744444097955,4.958072541566628
330.0,2.6390036828209698,4.959467750097024
331.0,2.638534962325238,4.960859614534098
332.0,2.638068269692631,4.962248154330897
333.0,2.6376035918156395,4.963633388769295
334.0,2.6371409157077195,4.965015336962007
335.0,2.63668022850182,4.9663940178545705
336.0,2.63622151744893,4.967769450227296
337.0,2.635764769916652,4.969141652697188
338.0,2.6353099733877943,4.970510643719844
339.0,2.6348571154589826,4.9718764415913155
340.0,2.6344061838392965,4.973239064449956
341.0,2.6339571663489236,4.9745985302782305
342.0,2.633510050917834,4.975954856904503
343.0,2.6330648255844755,4.9773080620048
344.0,2.6326214784944852,4.97865816310455
345.0,2.6321799978994243,4.980005177580288
346.0,2.631740372155528,4.981349122661351
347.0,2.631302589722475,4.98269001543154
348.0,2.6308666391621753,4.984027872830759
349.0,2.630432509137575,4.985362711656631
350.0,2.6300001884114783,4.986694548566096
351.0,2.6295696658453878,4.9880234000769805
352.0,2.6291409303983597,4.98934928256955
353.0,2.628713971125877,4.990672212288035
354.0,2.628288777178738,4.99199220534214
355.0,2.627865337801962,4.993309277708531
356.0,2.6274436423337066,4.994623445232297
357.0,2.6270236802042075,4.995934723628401
358.0,2.6266054409347266,4.997243128483103
359.0,2.626188914136518,4.998548675255368
360.0,2.6257740895098083,4.999851379278248
361.0,2.6253609568427914,5.00115125576026
362.0,2.6249495060106374,5.002448319786724
363.0,2.6245397269745148,5.0037425863211045
364.0,2.6241316097806258,5.0050340702063165
365.0,2.6237251445592578,5.006322786166025
366.0,2.623320321523844,5.007608748805921
367.0,2.6229171309700416,5.008891972614983
368.0,2.6225155632748174,5.010172471966726
369.0,2.622115608895551,5.01145026112042
370.0,2.6217172583691477,5.012725354222309
371.0,2.6213205023111636,5.013997765306801
372.0,2.620925331414943,5.015267508297652
373.0,2.6205317364507685,5.016534597009126
374.0,2.6201397082650204,5.017799045147145
375.0,2.61974923777935,5.019060866310423
376.0,2.6193603159898626,5.020320073991585
377.0,2.6189729339663113,5.021576681578269
378.0,2.6185870828513025,5.022830702354216
379.0,2.618202753859512,5.024082149500347
380.0,2.6178199382769103,5.0253310360958245
381.0,2.6174386274600008,5.0265773751191
382.0,2.6170588128350643,5.027821179448946
383.0,2.616680485897418,5.02906246186548
384.0,2.61630363821068,5.030301235051173
385.0,2.6159282614060477,5.031537511591841
386.0,2.615554347181581,5.032771303977632
387.0,2.6151818873015,5.034002624603991
388.0,2.6148108735954874,5.035231485772623
389.0,2.614441297958003,5.036457899692432
390.0,2.614073152347606,5.037681878480463
391.0,2.613706428786285,5.0389034341628145
392.0,2.6133411193587994,5.0401225786755575
393.0,2.6129772162120273,5.041339323865627
394.0,2.612614711554322,5.042553681491715
395.0,2.612253597654876,5.043765663225144
396.0,2.6118938668430975,5.044975280650733
397.0,2.611535511507988,5.046182545267655
398.0,2.6111785240975323,5.047387468490278
399.0,2.6108228971180973,5.048590061649001
400.0,2.6104686231338348,5.049790335991077
401.0,2.610115694766093,5.050988302681428
402.0,2.609764104692838,5.052183972803445
403.0,2.6094138456480795,5.053377357359786
404.0,2.6090649104213046,5.0545684672731594
405.0,2.608717291856919,5.055757313387096
406.0,2.6083709828536956,5.056943906466715
407.0,2.608025976364229,5.058128257199484
408.0,2.6076822653943985,5.05931037619596
409.0,2.6073398430028343,5.060490273990531
410.0,2.606998702300395,5.061667961042145
411.0,2.6066588364496477,5.0628434477350295
412.0,2.6063202386643556,5.0640167443794
413.0,2.6059829022089738,5.065187861212171
414.0,2.605646820398148,5.066356808397641
415.0,2.6053119865962233,5.067523596028189
416.0,2.604978394216754,5.068688234124946
417.0,2.604646036722024,5.069850732638468
418.0,2.6043149076225705,5.071011101449399
419.0,2.603985000476715,5.072169350369123
420.0,2.6036563088900975,5.073325489140417
421.0,2.6033288265152197,5.074479527438083
422.0,2.6030025470509903,5.075631474869587
423.0,2.6026774642422787,5.076781340975679
424.0,2.6023535718794717,5.077929135231014
425.0,2.6020308637980376,5.079074867044758
426.0,2.6017093338780937,5.080218545761197
427.0,2.6013889760439795,5.081360180660327
428.0,2.6010697842638355,5.082499780958449
429.0,2.600751752549187,5.08363735580875
430.0,2.6004348749545314,5.084772914301876
431.0,2.6001191455769326,5.085906465466506
432.0,2.5998045585556184,5.087038018269913
433.0,2.599491108071583,5.088167581618521
434.0,2.599178788347194,5.089295164358452
435.0,2.5988675936458057,5.090420775276077
436.0,2.5985575182713743,5.091544423098547
437.0,2.5982485565680795,5.09266611649433
438.0,2.5979407029199497,5.093785864073733
439.0,2.597633951750491,5.094903674389424
440.0,2.5973282975223215,5.0960195559369454
441.0,2.59702373473681,5.097133517155224
442.0,2.596720257933718,5.098245566427071
443.0,2.5964178616908447,5.099355712079682
444.0,2.5961165406236804,5.1004639623851284
445.0,2.595816289385058,5.10157032556084
446.0,2.5955171026648123,5.1026748097700905
447.0,2.595218975189444,5.10377742312247
448.0,2.594921901721783,5.104878173674358
449.0,2.5946258770606594,5.105977069429385
450.0,2.594330896040578,5.107074118338897
451.0,2.5940369535313943,5.108169328302406
452.0,2.5937440444379956,5.109262707168044
453.0,2.5934521636999865,5.110354262733007
454.0,2.5931613062913756,5.111444002743992
455.0,2.592871467220267,5.11253193489764
456.0,2.5925826415285567,5.113618066840958
457.0,2.592294824291629,5.114702406171754
458.0,2.5920080106180596,5.115784960439052
459.0,2.5917221956493197,5.116865737143514
460.0,2.5914373745594843,5.117944743737848
461.0,2.591153542554944,5.11902198762722
462.0,2.59087069487412,5.120097476169658
463.0,2.59058882678718,5.121171216676449
464.0,2.5903079335957613,5.122243216412536
465.0,2.590028010632693,5.123313482596911
466.0,2.5897490532617238,5.124382022402999
467.0,2.5894710568772514,5.125448842959042
468.0,2.589194016904056,5.126513951348478
469.0,2.588917928797034,5.12757735461032
470.0,2.5886427880409393,5.12863905973952
471.0,2.5883685901501226,5.129699073687339
472.0,2.5880953306682764,5.130757403361715
473.0,2.5878230051681816,5.131814055627616
474.0,2.5875516092514577,5.132869037307398
475.0,2.5872811385483137,5.133922355181162
476.0,2.5870115887173037,5.134974015987094
477.0,2.586742955445086,5.136024026421817
478.0,2.5864752344461803,5.137072393140728
479.0,2.5862084214627328,5.138119122758339
480.0,2.58594251226428,5.139164221848611
481.0,2.585677502647517,5.14020769694528
482.0,2.585413388436067,5.141249554542195
483.0,2.5851501654802536,5.1422898010936295
484.0,2.5848878296568776,5.143328443014614
485.0,2.584626376868992,5.144365486681245
486.0,2.5843658030456824,5.145400938431007
487.0,2.584106104141849,5.146434804563078
488.0,2.583847276137991,5.147467091338639
489.0,2.5835893150399927,5.148497804981181
490.0,2.583332216878911,5.1495269516768065
491.0,2.5830759777107684,5.150554537574527
492.0,2.5828205936163444,5.151580568786559
493.0,2.582566060700971,5.152605051388621
494.0,2.5823123750943298,5.153627991420216
495.0,2.582059532950251,5.154649394884928
496.0,2.5818075304465165,5.1556692677506994
497.0,2.58155636378466,5.156687615950114
498.0,2.5813060291897756,5.157704445380678
499.0,2.581056522910323,5.158719761905095
500.0,2.580807841217937,5.159733571351539
501.0,2.580559980407241,5.160745879513923
502.0,2.580312936795657,5.161756692152173
503.0,2.580066706723223,5.162766014992486
504.0,2.579821286552408,5.163773853727597
505.0,2.579576672667932,5.164780214017039
506.0,2.5793328614765865,5.1657851014874
507.0,2.579089849407057,5.166788521732578
508.0,2.5788476329097456,5.167790480314034
509.0,2.5786062084565993,5.168790982761042
510.0,2.578365572540936,5.169790034570937
511.0,2.578125721677273,5.170787641209362
512.0,2.577886652401161,5.171783808110508
513.0,2.577648361269014,5.172778540677356
514.0,2.5774108448579454,5.173771844281918
515.0,2.577174099765602,5.174763724265468
516.0,2.5769381226100037,5.17575418593878
517.0,2.576702910029382,5.176743234582362
518.0,2.576468458682021,5.177730875446676
519.0,2.5762347652460984,5.178717113752377
520.0,2.5760018264195312,5.179701954690529
521.0,2.5757696389198195,5.1806854034228325
522.0,2.5755381994838946,5.181667465081845
523.0,2.575307504867967,5.182648144771199
524.0,2.575077551847376,5.1836274475658195
525.0,2.5748483372164417,5.1846053785121375
526.0,2.5746198577883166,5.185581942628305
527.0,2.574392110394841,5.186557144904405
528.0,2.5741650918863974,5.1875309903026565
529.0,2.573938799131769,5.1885034837576285
530.0,2.573713229017996,5.189474630176439
531.0,2.5734883784502367,5.190444434438959
532.0,2.5732642443516287,5.191412901398017
533.0,2.5730408236631503,5.192380035879595
534.0,2.5728181133434846,5.193345842683028
535.0,2.5725961103688846,5.1943103265811965
536.0,2.5723748117330394,5.195273492320724
537.0,2.572154214446941,5.196235344622167
538.0,2.5719343155387544,5.1971958881802065
539.0,2.571715112053686,5.198155127663835
540.0,2.5714966010538562,5.199113067716545
541.0,2.5712787796181713,5.2000697129565125
542.0,2.5710616448421963,5.201025067976783
543.0,2.5708451938380312,5.201979137345449
544.0,2.570629423734186,5.202931925605837
545.0,2.5704143316754577,5.2038834372766765
546.0,2.570199914822809,5.204833676852287
547.0,2.5699861703532485,5.205782648802747
548.0,2.5697730954597087,5.2067303575740675
549.0,2.56956068735093,5.20767680758837
550.0,2.569348943251343,5.208622003244049
551.0,2.5691378604009514,5.209565948915948
552.0,2.5689274360552177,5.210508648955525
553.0,2.568717667484948,5.211450107691015
554.0,2.568508551976181,5.212390329427602
555.0,2.568300086830074,5.213329318447573
556.0,2.5680922693627926,5.214267079010489
557.0,2.5678850969054006,5.215203615353339
558.0,2.567678566803752,5.2161389316907005
559.0,2.5674726764183817,5.217073032214899
560.0,2.5672674231243997,5.218005921096163
561.0,2.5670628043113837,5.218937602482774
562.0,2.5668588173832756,5.21986808050123
563.0,2.566655459758276,5.2207973592563865
564.0,2.566452728868741,5.221725442831616
565.0,2.5662506221610815,5.222652335288952
566.0,2.566049137095661,5.22357804066924
567.0,2.565848271146695,5.224502562992282
568.0,2.5656480218021502,5.225425906256985
569.0,2.565448386563649,5.226348074441503
570.0,2.565249362946369,5.22726907150338
571.0,2.565050948478947,5.228188901379692
572.0,2.564853140703384,5.22910756798719
573.0,2.564655937174947,5.230025075222435
574.0,2.564459335462079,5.230941426961941
575.0,2.5642633331463016,5.231856627062308
576.0,2.564067927822125,5.23277067936036
577.0,2.563873117096954,5.23368358767328
578.0,2.563678898590999,5.23459535579874
579.0,2.5634852699371837,5.235505987515039
580.0,2.5632922287810573,5.23641548658123
581.0,2.5630997727807054,5.237323856737249
582.0,2.562907899606661,5.238231101704051
583.0,2.5627166069418195,5.239137225183732
584.0,2.5625258924813497,5.240042230859655
585.0,2.5623357539326106,5.24094612239658
586.0,2.5621461890150643,5.241848903440787
587.0,2.5619571954601943,5.2427505776202
588.0,2.5617687710114194,5.243651148544506
589.0,2.561580913424013,5.244550619805285
590.0,2.56139362046502,5.245448994976122
591.0,2.5612068899131764,5.24634627761273
592.0,2.561020719558828,5.247242471253071
593.0,2.5608351072038507,5.248137579417471
594.0,2.560650050661571,5.249031605608735
595.0,2.5604655477566878,5.249924553312267
596.0,2.560281596325195,5.250816425996182
597.0,2.560098194214303,5.25170722711142
598.0,2.5599153392823633,5.252596960091859
599.0,2.559733029398792,5.2534856283544284
600.0,2.5595512624439944,5.254373235299218
601.0,2.5593700363092915,5.255259784309588
602.0,2.5591893488968442,5.25614527875228
603.0,2.5590091981195817,5.257029721977525
604.0,2.558829581901127,5.25791311731915
605.0,2.5586504981757265,5.258795468094684
606.0,2.558471944888177,5.259676777605465
607.0,2.5582939199937558,5.260557049136745
608.0,2.5581164214581498,5.2614362859577914
609.0,2.5579394472573855,5.262314491321995
610.0,2.5577629953777605,5.263191668466965
611.0,2.5575870638157747,5.264067820614641
612.0,2.5574116505780617,5.264942950971382
613.0,2.557236753681322,5.2658170627280745
614.0,2.5570623711522553,5.266690159060228
615.0,2.5568885010274953,5.267562243128074
616.0,2.556715141353543,5.268433318076665
617.0,2.556542290186702,5.2693033870359685
618.0,2.5563699455930124,5.270172453120964
619.0,2.556198105648188,5.2710405194317405
620.0,2.5560267684375533,5.271907589053585
621.0,2.5558559320559775,5.272773665057084
622.0,2.555685594607815,5.27363875049821
623.0,2.5555157542068407,5.274502848418418
624.0,2.555346408976191,5.275365961844733
625.0,2.555177557048299,5.276228093789843
626.0,2.5550091965648387,5.277089247252191
627.0,2.55484132567666,5.27794942521606
628.0,2.5546739425437326,5.278808630651664
629.0,2.554507045335085,5.279666866515237
630.0,2.5543406322287465,5.2805241357491175
631.0,2.554174701411688,5.281380441281837
632.0,2.554009251079766,5.282235786028206
633.0,2.5538442794376643,5.2830901728893975
634.0,2.553679784698837,5.283943604753033
635.0,2.5535157650854514,5.2847960844932675
636.0,2.553352218828334,5.285647614970869
637.0,2.553189144166914,5.2864981990333035
638.0,2.553026539349168,5.287347839514819
639.0,2.5528644026315654,5.288196539236523
640.0,2.5527027322790152,5.289044301006465
641.0,2.5525415265648106,5.2898911276197165
642.0,2.552380783770577,5.290737021858451
643.0,2.55222050218622,5.291581986492023
644.0,2.5520606801098693,5.292426024277043
645.0,2.5519013158478305,5.29326913795746
646.0,2.551742407714532,5.294111330264635
647.0,2.551583954032473,5.29495260391742
648.0,2.5514259531321737,5.295792961622232
649.0,2.551268403352125,5.296632406073129
650.0,2.551111303038737,5.297470939951884
651.0,2.5509546505462906,5.298308565928062
652.0,2.550798444236888,5.29914528665909
653.0,2.550642682480404,5.299981104790331
654.0,2.5504873636544367,5.30081602295516
655.0,2.5503324861442604,5.30165004377503
656.0,2.5501780483427767,5.302483169859549
657.0,2.550024048650468,5.303315403806547
658.0,2.54987048547535,5.304146748202148
659.0,2.5497173572329253,5.3049772056208395
660.0,2.549564662346137,5.305806778625544
661.0,2.5494123992453233,5.306635469767684
662.0,2.54926056636817,5.307463281587253
663.0,2.549109162159668,5.308290216612882
664.0,2.548958185072066,5.309116277361907
665.0,2.548807633564827,5.309941466340437
666.0,2.5486575061045844,5.310765786043417
667.0,2.548507801165098,5.311589238954699
668.0,2.54835851722721,5.312411827547104
669.0,2.5482096527788007,5.313233554282484
670.0,2.5480612063147485,5.314054421611794
671.0,2.547913176336885,5.3148744319751495
672.0,2.5477655613539536,5.315693587801891
673.0,2.547618359881567,5.3165118915106495
674.0,2.547471570442167,5.317329345509407
675.0,2.547325191564981,5.318145952195558
676.0,2.5471792217859828,5.318961713955973
677.0,2.547033659647851,5.319776633167059
678.0,2.5468885036999294,5.320590712194819
679.0,2.5467437524981866,5.3214039533949125
680.0,2.546599404605176,5.322216359112717
681.0,2.546455458589996,5.323027931683387
682.0,2.546311913028252,5.3238386734319105
683.0,2.546168766502016,5.32464858667317
684.0,2.5460260175997886,5.325457673712
685.0,2.5458836649164622,5.326265936843245
686.0,2.545741707053281,5.327073378351816
687.0,2.5456001426178028,5.327880000512748
688.0,2.545458970223864,5.328685805591254
689.0,2.54531818849154,5.329490795842787
690.0,2.5451777960471103,5.33029497351309
691.0,2.54503779152302,5.331098340838253
692.0,2.544898173557844,5.331900900044767
693.0,2.5447589407962523,5.332702653349582
694.0,2.544620091888972,5.333503602960158
695.0,2.5444816254927534,5.3343037510745175
696.0,2.544343540270333,5.3351030998813025
697.0,2.5442058348904,5.3359016515598245
698.0,2.5440685080275616,5.336699408280119
699.0,2.543931558362306,5.337496372202997
700.0,2.543794984580971,5.338292545480095
701.0,2.5436587853757087,5.339087930253929
702.0,2.5435229594444513,5.339882528657946
703.0,2.543387505490878,5.340676342816573
704.0,2.543252422224382,5.341469374845266
705.0,2.5431177083600365,5.342261626850565
706.0,2.5429833626185627,5.343053100930139
707.0,2.542849383726297,5.343843799172837
708.0,2.5427157704151577,5.344633723658737
709.0,2.5425825214226148,5.345422876459195
710.0,2.542449635491656,5.346211259636894
711.0,2.5423171113707568,5.346998875245888
712.0,2.5421849478138467,5.347785725331657
713.0,2.5420531435802807,5.348571811931146
714.0,2.5419216974348062,5.349357137072818
715.0,2.5417906081475334,5.3501417027767
716.0,2.5416598744939045,5.350925511054425
717.0,2.5415294952546623,5.351708563909283
718.0,2.541399469215822,5.352490863336265
719.0,2.541269795168639,5.353272411322107
720.0,2.5411404719095816,5.354053209845337
721.0,2.5410114982402994,5.35483326087632
722.0,2.5408828729675945,5.3556125663773
723.0,2.5407545949033934,5.356391128302448
724.0,2.540626662864717,5.357168948597901
725.0,2.5404990756736527,5.357946029201811
726.0,2.540371832157325,5.358722372044382
727.0,2.5402449311478685,5.359497979047921
728.0,2.5401183714823983,5.360272852126873
729.0,2.5399921520029825,5.361046993187869
730.0,2.539866271556616,5.361820404129763
731.0,2.5397407289951905,5.36259308684368
732.0,2.53961552317547,5.363365043213052
733.0,2.539490652959061,5.364136275113661
734.0,2.5393661172123863,5.364906784413684
735.0,2.53924191480666,5.365676572973726
736.0,2.539118044617858,5.366445642646867
737.0,2.538994505526695,5.3672139952787
738.0,2.538871296418595,5.36798163270737
739.0,2.538748416183667,5.368748556763617
740.0,2.5386258637166796,5.369514769270808
741.0,2.5385036379170334,5.370280272044985
742.0,2.5383817376887374,5.3710450668949
743.0,2.538260161940383,5.371809155622051
744.0,2.538138909585119,5.372572540020725
745.0,2.5380179795406255,5.373335221878032
746.0,2.537897370729091,5.374097202973948
747.0,2.5377770820771866,5.374858485081346
748.0,2.537657112516041,5.3756190699660396
749.0,2.5375374609812185,5.376378959386814
750.0,2.537418126412691,5.37713815509547
751.0,2.537299107754818,5.377896658836854
752.0,2.53718040395632,5.378654472348898
753.0,2.537062013970257,5.379411597362655
754.0,2.536943936754003,5.380168035602335
755.0,2.536826171269224,5.38092378878534
756.0,2.5367087164818543,5.381678858622301
757.0,2.5365915713620732,5.382433246817111
758.0,2.536474734884283,5.383186955066963
759.0,2.536358206027085,5.383939985062379
760.0,2.536241983773259,5.384692338487253
761.0,2.536126067109738,5.385444017018877
762.0,2.5360104550275886,5.386195022327981
763.0,2.5358951465219874,5.386945356078765
764.0,2.5357801405921996,5.3876950199289295
765.0,2.5356654362415565,5.388444015529716
766.0,2.5355510324774344,5.389192344525933
767.0,2.5354369283112335,5.389940008555991
768.0,2.5353231227583555,5.390687009251939
769.0,2.5352096148381826,5.391433348239494
770.0,2.535096403574057,5.392179027138073
771.0,2.5349834879932596,5.392924047560824
772.0,2.5348708671269886,5.393668411114664
773.0,2.53475854001034,5.394412119400302
774.0,2.5346465056822853,5.395155174012279
775.0,2.534534763185653,5.395897576538993
776.0,2.534423311567107,5.396639328562735
777.0,2.5343121498771266,5.397380431659714
778.0,2.534201277169987,5.398120887400095
779.0,2.5340906925037388,5.398860697348025
780.0,2.5339803949401887,5.3995998630616615
781.0,2.5338703835448797,5.4003383860932095
782.0,2.5337606573870715,5.4010762679889455
783.0,2.533651215539721,5.401813510289249
784.0,2.533542057079464,5.402550114528633
785.0,2.533433181086594,5.403286082235773
786.0,2.5333245866450453,5.404021414933536
787.0,2.533216272842373,5.404756114139008
788.0,2.5331082387697346,5.405490181363528
789.0,2.533000483521871,5.406223618112709
790.0,2.5328930061970882,5.406956425886474
791.0,2.5327858058972397,5.407688606179079
792.0,2.532678881727706,5.408420160479144
793.0,2.532572232797379,5.409151090269681
794.0,2.532465858218642,5.40988139702812
795.0,2.5323597571073533,5.410611082226339
796.0,2.5322539285828265,5.411340147330687
797.0,2.532148371767815,5.412068593802019
798.0,2.5320430857884926,5.412796423095714
799.0,2.5319380697744367,5.41352363666171
800.0,2.5318333228586116,5.414250235944525
801.0,2.5317288441773496,5.414976222383288
802.0,2.531624632870335,5.415701597411762
803.0,2.5315206880805876,5.416426362458373
804.0,2.531417008954444,5.417150518946234
805.0,2.531313594641542,5.417874068293171
806.0,2.5312104442948042,5.4185970119117535
807.0,2.53110755707042,5.419319351209311
808.0,2.53100493212783,5.420041087587968
809.0,2.5309025686297097,5.420762222444664
810.0,2.530800465741953,5.42148275717118
811.0,2.530698622633656,5.422202693154164
812.0,2.5305970384771,5.422922031775154
813.0,2.530495712447737,5.423640774410606
814.0,2.5303946437241733,5.4243589224319155
815.0,2.530293831488153,5.425076477205445
816.0,2.530193274924543,5.425793440092543
817.0,2.530092973221316,5.426509812449577
818.0,2.529992925569539,5.427225595627948
819.0,2.5298931311633517,5.427940790974119
820.0,2.5297935891999566,5.42865539982964
821.0,2.5296942988796007,5.429369423531169
822.0,2.529595259405562,5.430082863410496
823.0,2.5294964699841334,5.430795720794567
824.0,2.529397929824608,5.431507997005508
825.0,2.529299638139264,5.432219693360645
826.0,2.5292015941433514,5.432930811172529
827.0,2.5291037970550754,5.4336413517489595
828.0,2.529006246095583,5.434351316393005
829.0,2.5289089404889475,5.435060706403027
830.0,2.5288118794621557,5.435769523072701
831.0,2.528715062245092,5.436477767691042
832.0,2.5286184880705243,5.437185441542422
833.0,2.528522156174091,5.437892545906593
834.0,2.528426065794287,5.4385990820587145
835.0,2.528330216172447,5.439305051269367
836.0,2.5282346065527355,5.440010454804576
837.0,2.5281392361821298,5.440715293925839
838.0,2.5280441043104083,5.441419569890139
839.0,2.527949210190136,5.442123283949971
840.0,2.5278545530766507,5.442826437353359
841.0,2.5277601322280505,5.443529031343882
842.0,2.5276659469051794,5.444231067160691
843.0,2.5275719963716146,5.444932546038528
844.0,2.5274782798936526,5.4456334692077535
845.0,2.5273847967402974,5.446333837894359
846.0,2.5272915461832457,5.447033653319994
847.0,2.527198527496875,5.44773291670198
848.0,2.5271057399582304,5.448431629253338
849.0,2.5270131828470124,5.4491297921827995
850.0,2.5269208554455624,5.449827406694835
851.0,2.526828757038852,5.4505244739896686
852.0,2.526736886914469,5.451220995263298
853.0,2.526645244362606,5.451916971707516
854.0,2.5265538286760467,5.452612404509929
855.0,2.526462639150154,5.453307294853976
856.0,2.526371675082859,5.4540016439189465
857.0,2.5262809357746465,5.454695452880004
858.0,2.526190420528544,5.455388722908199
859.0,2.52610012865011,5.456081455170494
860.0,2.526010059447421,5.456773650829777
861.0,2.52592021223106,5.4574653110448805
862.0,2.5258305863141053,5.458156436970606
863.0,2.5257411810121173,5.458847029757735
864.0,2.5256519956431283,5.459537090553053
865.0,2.5255630295276292,5.460226620499363
866.0,2.525474281988559,5.460915620735506
867.0,2.5253857523512933,5.461604092396381
868.0,2.525297439943632,5.462292036612959
869.0,2.5252093440957886,5.462979454512303
870.0,2.5251214641403785,5.463666347217587
871.0,2.5250337994124084,5.464352715848109
872.0,2.524946349249264,5.465038561519313
873.0,2.5248591129907,5.465723885342805
874.0,2.524772089978828,5.4664086884263705
875.0,2.524685279558106,5.46709297187399
876.0,2.524598681075327,5.467776736785859
877.0,2.5245122938796096,5.468459984258402
878.0,2.524426117322385,5.469142715384293
879.0,2.524340150757389,5.469824931252468
880.0,2.5242543935406467,5.470506632948146
881.0,2.524168845030468,5.471187821552842
882.0,2.5240835045874315,5.471868498144387
883.0,2.5239983715743777,5.472548663796941
884.0,2.5239134453563965,5.473228319581011
885.0,2.5238287253008176,5.473907466563469
886.0,2.5237442107772003,5.474586105807566
887.0,2.5236599011573224,5.475264238372946
888.0,2.523575795815171,5.4759418653156695
889.0,2.523491894126932,5.47661898768822
890.0,2.5234081954709793,5.477295606539527
891.0,2.523324699227866,5.477971722914978
892.0,2.5232414047803133,5.478647337856435
893.0,2.5231583115132015,5.479322452402251
894.0,2.523075418813559,5.479997067587283
895.0,2.522992726070554,5.4806711844429135
896.0,2.522910232675483,5.481344803997057
897.0,2.5228279380217624,5.482017927274183
898.0,2.5227458415049187,5.482690555295323
899.0,2.5226639425225783,5.483362689078097
900.0,2.5225822404744584,5.484034329636717
901.0,2.5225007347623576,5.4847054779820095
902.0,2.5224194247901455,5.485376135121426
903.0,2.522338309963755,5.486046302059059
904.0,2.5222573896911724,5.486715979795658
905.0,2.5221766633824267,5.487385169328645
906.0,2.5220961304495817,5.488053871652124
907.0,2.5220157903067273,5.488722087756899
908.0,2.5219356423699693,5.489389818630488
909.0,2.52185568605742,5.4900570652571385
910.0,2.5217759207891914,5.490723828617839
911.0,2.5216963459873836,5.491390109690335
912.0,2.5216169610760772,5.4920559094491415
913.0,2.5215377654813245,5.492721228865558
914.0,2.52145875863114,5.493386068907684
915.0,2.521379939955493,5.494050430540429
916.0,2.5213013088862968,5.494714314725528
917.0,2.5212228648574015,5.495377722421558
918.0,2.5211446073045853,5.496040654583946
919.0,2.5210665356655455,5.496703112164988
920.0,2.5209886493798903,5.497365096113858
921.0,2.5209109478891296,5.498026607376624
922.0,2.5208334306366678,5.498687646896262
923.0,2.5207560970677942,5.499348215612666
924.0,2.5206789466296757,5.500008314462663
925.0,2.5206019787713476,5.500667944380028
926.0,2.5205251929437056,5.501327106295494
927.0,2.5204485885994976,5.501985801136764
928.0,2.5203721651933164,5.50264402982853
929.0,2.52029592218159,5.5033017932924775
930.0,2.520219859022575,5.503959092447306
931.0,2.5201439751763473,5.504615928208735
932.0,2.520068270104795,5.505272301489523
933.0,2.5199927432716107,5.505928213199473
934.0,2.5199173941422823,5.506583664245452
935.0,2.5198422221840864,5.5072386555314
936.0,2.51976722686608,5.50789318795834
937.0,2.5196924076590927,5.508547262424393
938.0,2.5196177640357194,5.509200879824793
939.0,2.5195432954703114,5.509854041051894
940.0,2.5194690014389702,5.510506746995184
941.0,2.519394881419539,5.511158998541298
942.0,2.5193209348915953,5.511810796574028
943.0,2.5192471613364447,5.512462141974337
944.0,2.519173560237111,5.513113035620371
945.0,2.5191001310783294,5.513763478387467
946.0,2.5190268733465415,5.5144134711481705
947.0,2.518953786529885,5.515063014772241
948.0,2.5188808701181875,5.5157121101266675
949.0,2.51880812360296,5.516360758075681
950.0,2.5187355464773873,5.517008959480762
951.0,2.518663138236324,5.517656715200655
952.0,2.5185908983762846,5.518304026091378
953.0,2.518518826395438,5.518950893006235
954.0,2.5184469217936,5.519597316795829
955.0,2.5183751840722257,5.520243298308067
956.0,2.518303612734403,5.520888838388179
957.0,2.518232207284846,5.521533937878722
958.0,2.5181609672298864,5.522178597619598
959.0,2.518089892077469,5.522822818448057
960.0,2.5180189813371427,5.523466601198715
961.0,2.5179482345200555,5.524109946703561
962.0,2.517877651138946,5.524752855791969
963.0,2.5178072307081374,5.525395329290708
964.0,2.5177369727435317,5.526037368023952
965.0,2.5176668767626014,5.526678972813294
966.0,2.5175969422843836,5.527320144477754
967.0,2.517527168829473,5.527960883833787
968.0,2.517457555920016,5.528601191695299
969.0,2.5173881030797043,5.529241068873653
970.0,2.517318809833767,5.529880516177683
971.0,2.5172496757089657,5.5305195344137
972.0,2.5171807002335864,5.531158124385505
973.0,2.517111882937435,5.5317962868944
974.0,2.5170432233518296,5.532434022739195
975.0,2.5169747210095945,5.533071332716221
976.0,2.5169063754450542,5.533708217619339
977.0,2.5168381861940263,5.53434467823995
978.0,2.5167701527938156,5.534980715367004
979.0,2.5167022747832086,5.53561632978701
980.0,2.5166345517024666,5.53625152228405
981.0,2.5165669830933197,5.536886293639781
982.0,2.516499568498961,5.537520644633453
983.0,2.516432307464039,5.538154576041912
984.0,2.5163651995346545,5.538788088639614
985.0,2.5162982442583512,5.539421183198632
986.0,2.5162314411841127,5.540053860488667
987.0,2.516164789862354,5.540686121277058
988.0,2.5160982898449173,5.541317966328787
989.0,2.5160319406850653,5.541949396406497
990.0,2.515965741937476,5.5425804122704925
991.0,2.5158996931582354,5.543211014678754
992.0,2.515833793904834,5.543841204386945
993.0,2.5157680437361587,5.544470982148424
994.0,2.5157024422124885,5.54510034871425
995.0,2.5156369888954884,5.545729304833193
996.0,2.5155716833482034,5.546357851251744
997.0,2.515506525135053,5.546985988714123
998.0,2.515441513821826,5.547613717962291
999.0,2.515376648975674,5.548241039735951
1000.0,2.515311930165107,5.548867954772569
1001.0,2.5152473569599865,5.54949446380737
1002.0,2.515182928931521,5.550120567573358
1003.0,2.5151186456522603,5.5507462668013146
1004.0,2.5150545066960897,5.551371562219817
1005.0,2.5149905116382247,5.551996454555241
1006.0,2.514926660055206,5.552620944531772
1007.0,2.5148629515248935,5.553245032871411
1008.0,2.514799385626461,5.553868720293987
1009.0,2.5147359619403917,5.554492007517161
1010.0,2.5146726800484718,5.555114895256439
1011.0,2.5146095395337857,5.5557373842251785
1012.0,2.514546539980711,5.556359475134594
1013.0,2.5144836809749123,5.556981168693772
1014.0,2.5144209621033378,5.557602465609672
1015.0,2.5143583829542124,5.55822336658714
1016.0,2.514295943117033,5.558843872328914
1017.0,2.5142336421825644,5.559463983535634
1018.0,2.5141714797428327,5.560083700905849
1019.0,2.5141094553911207,5.560703025136024
1020.0,2.514047568721964,5.561321956920551
1021.0,2.513985819331144,5.561940496951755
1022.0,2.5139242068156853,5.562558645919903
1023.0,2.5138627307738477,5.563176404513209
1024.0,2.5138013908051238,5.5637937734178475
1025.0,2.5137401865102333,5.564410753317957
1026.0,2.5136791174911184,5.565027344895648
1027.0,2.5136181833509372,5.565643548831012
1028.0,2.513557383694062,5.566259365802132
1029.0,2.513496718126071,5.5668747964850835
1030.0,2.513436186253746,5.5674898415539475
1031.0,2.5133757876850673,5.568104501680817
1032.0,2.513315522029207,5.568718777535803
1033.0,2.513255388896527,5.569332669787046
1034.0,2.5131953878985724,5.569946179100719
1035.0,2.5131355186480677,5.570559306141036
1036.0,2.513075780758912,5.571172051570263
1037.0,2.5130161738461734,5.571784416048722
1038.0,2.512956697526086,5.572396400234797
1039.0,2.512897351416045,5.5730080047849455
1040.0,2.5128381351346,5.573619230353705
1041.0,2.512779048301453,5.574230077593697
1042.0,2.512720090537454,5.574840547155638
1043.0,2.512661261464593,5.575450639688345
1044.0,2.512602560706001,5.576060355838742
1045.0,2.51254398788594,5.5766696962518685
1046.0,2.5124855426298027,5.577278661570888
1047.0,2.5124272245641057,5.57788725243709
1048.0,2.5123690333164856,5.578495469489904
1049.0,2.512310968515696,5.5791033133668995
1050.0,2.512253029791601,5.579710784703798
1051.0,2.5121952167751727,5.580317884134479
1052.0,2.512137529098485,5.580924612290986
1053.0,2.5120799663947118,5.5815309698035325
1054.0,2.5120225282981203,5.582136957300511
1055.0,2.5119652144440683,5.582742575408498
1056.0,2.5119080244689993,5.583347824752264
1057.0,2.511850958010439,5.583952705954775
1058.0,2.5117940147069895,5.584557219637203
1059.0,2.511737194198327,5.585161366418934
1060.0,2.5116804961251966,5.585765146917569
1061.0,2.511623920129409,5.586368561748937
1062.0,2.5115674658538345,5.586971611527099
1063.0,2.5115111329424016,5.587574296864353
1064.0,2.5114549210400905,5.58817661837124
1065.0,2.511398829792931,5.588778576656558
1066.0,2.511342858847997,5.589380172327357
1067.0,2.511287007853404,5.589981405988956
1068.0,2.5112312764583025,5.590582278244942
1069.0,2.511175664312877,5.59118278969718
1070.0,2.5111201710683404,5.59178294094582
1071.0,2.511064796376931,5.5923827325893
1072.0,2.5110095398919063,5.592982165224355
1073.0,2.510954401267543,5.593581239446023
1074.0,2.5108993801591293,5.59417995584765
1075.0,2.5108444762229634,5.594778315020898
1076.0,2.510789689116349,5.59537631755575
1077.0,2.5107350184975905,5.595973964040515
1078.0,2.510680464025991,5.596571255061838
1079.0,2.5106260253618475,5.597168191204703
1080.0,2.510571702166447,5.597764773052437
1081.0,2.510517494102063,5.5983610011867215
1082.0,2.5104634008319513,5.5989568761875965
1083.0,2.5104094220203477,5.599552398633464
1084.0,2.5103555573324625,5.600147569101097
1085.0,2.510301806434478,5.600742388165642
1086.0,2.5102481689935443,5.60133685640063
1087.0,2.5101946446777763,5.6019309743779795
1088.0,2.5101412331562485,5.602524742668
1089.0,2.5100879340989937,5.603118161839402
1090.0,2.5100347471769973,5.603711232459301
1091.0,2.5099816720621946,5.604303955093224
1092.0,2.5099287084274677,5.604896330305112
1093.0,2.5098758559466416,5.6054883586573325
1094.0,2.50982311429448,5.606080040710678
1095.0,2.5097704831466823,5.606671377024375
1096.0,2.509717962179881,5.607262368156091
1097.0,2.509665551071636,5.607853014661937
1098.0,2.5096132495004335,5.608443317096476
1099.0,2.5095610571456812,5.609033276012726
1100.0,2.509508973687705,5.609622891962168
1101.0,2.509456998807746,5.61021216549475
1102.0,2.509405132187957,5.610801097158892
1103.0,2.5093533735113986,5.611389687501494
1104.0,2.5093017224620366,5.6119779370679375
1105.0,2.509250178724738,5.612565846402096
1106.0,2.5091987419852675,5.613153416046336
1107.0,2.5091474119302855,5.613740646541523
1108.0,2.5090961882473435,5.614327538427031
1109.0,2.5090450706248806,5.614914092240743
1110.0,2.5089940587522217,5.6155003085190565
1111.0,2.508943152319573,5.616086187796893
1112.0,2.508892351018018,5.616671730607699
1113.0,2.5088416545395176,5.617256937483454
1114.0,2.5087910625769023,5.617841808954673
1115.0,2.508740574823873,5.618426345550415
1116.0,2.508690190974995,5.619010547798286
1117.0,2.5086399107256967,5.619594416224444
1118.0,2.5085897337722654,5.620177951353604
1119.0,2.508539659811844,5.620761153709046
1120.0,2.5084896885424293,5.621344023812617
1121.0,2.5084398196628666,5.621926562184737
1122.0,2.508390052872849,5.622508769344404
1123.0,2.508340387872913,5.623090645809198
1124.0,2.5082908243644346,5.623672192095288
1125.0,2.5082413620496284,5.624253408717437
1126.0,2.508192000631543,5.624834296189005
1127.0,2.5081427398140583,5.625414855021953
1128.0,2.5080935793018826,5.625995085726854
1129.0,2.5080445188005496,5.62657498881289
1130.0,2.507995558016415,5.627154564787863
1131.0,2.507946696656654,5.627733814158195
1132.0,2.5078979344292582,5.628312737428938
1133.0,2.5078492710430327,5.6288913351037735
1134.0,2.507800706207593,5.629469607685023
1135.0,2.507752239633362,5.630047555673645
1136.0,2.5077038710315676,5.630625179569249
1137.0,2.507655600114239,5.631202479870092
1138.0,2.5076074265942045,5.6317794570730895
1139.0,2.507559350185088,5.632356111673815
1140.0,2.5075113706013075,5.632932444166508
1141.0,2.50746348755807,5.63350845504408
1142.0,2.5074157007713707,5.634084144798113
1143.0,2.507368009957989,5.634659513918869
1144.0,2.5073204148354864,5.635234562895296
1145.0,2.507272915122203,5.635809292215028
1146.0,2.5072255105372547,5.636383702364391
1147.0,2.5071782008005323,5.63695779382841
1148.0,2.5071309856326955,5.63753156709081
1149.0,2.5070838647551734,5.638105022634023
1150.0,2.507036837890159,5.638678160939191
1151.0,2.506989904760608,5.639250982486172
1152.0,2.5069430650902365,5.639823487753543
1153.0,2.5068963186035167,5.640395677218605
1154.0,2.5068496650256757,5.6409675513573845
1155.0,2.5068031040826924,5.641539110644645
1156.0,2.5067566355012936,5.642110355553886
1157.0,2.5067102590089534,5.6426812865573455
1158.0,2.5066639743338897,5.64325190412601
1159.0,2.50661778120506,5.643822208729613
1160.0,2.506571679352162,5.644392200836647
1161.0,2.5065256685056285,5.644961880914357
1162.0,2.506479748396625,5.645531249428754
1163.0,2.5064339187570472,5.646100306844617
1164.0,2.506388179319521,5.646669053625493
1165.0,2.506342529817395,5.647237490233706
1166.0,2.506296969984743,5.647805617130359
1167.0,2.506251499556358,5.6483734347753405
1168.0,2.506206118267751,5.648940943627323
1169.0,2.506160825855148,5.649508144143773
1170.0,2.506115622055489,5.6500750367809545
1171.0,2.5060705066064233,5.650641621993928
1172.0,2.5060254792463077,5.65120790023656
1173.0,2.505980539714205,5.651773871961526
1174.0,2.505935687749881,5.652339537620311
1175.0,2.5058909230938013,5.65290489766322
1176.0,2.50584624548713,5.653469952539374
1177.0,2.505801654671727,5.6540347026967215
1178.0,2.505757150390144,5.654599148582037
1179.0,2.5057127323856245,5.655163290640927
1180.0,2.505668400402101,5.655727129317836
1181.0,2.5056241541841895,5.656290665056047
1182.0,2.505579993477192,5.656853898297687
1183.0,2.505535918027091,5.657416829483729
1184.0,2.5054919275805463,5.657979459054001
1185.0,2.505448021884896,5.6585417874471835
1186.0,2.5054042006881514,5.659103815100817
1187.0,2.5053604637389957,5.659665542451306
1188.0,2.505316810786782,5.6602269699339205
1189.0,2.5052732415815293,5.660788097982802
1190.0,2.505229755873923,5.661348927030965
1191.0,2.5051863534153096,5.661909457510304
1192.0,2.505143033957697,5.662469689851594
1193.0,2.5050997972537505,5.663029624484497
1194.0,2.505056643056791,5.663589261837562
1195.0,2.5050135711207937,5.6641486023382335
1196.0,2.5049705812003835,5.664707646412851
1197.0,2.504927673050836,5.665266394486655
1198.0,2.5048848464280717,5.6658248469837895
1199.0,2.504842101088658,5.666383004327307
1200.0,2.5047994367898023,5.6669408669391705
1201.0,2.5047568532893534,5.667498435240257
1202.0,2.504714350345798,5.668055709650364
1203.0,2.5046719277182583,5.668612690588209
1204.0,2.50462958516649,5.6691693784714365
1205.0,2.5045873224508806,5.6697257737166185
1206.0,2.5045451393324463,5.670281876739261
1207.0,2.5045030355728315,5.670837687953806
1208.0,2.5044610109343046,5.671393207773634
1209.0,2.504419065179757,5.67194843661107
1210.0,2.504377198072702,5.672503374877385
1211.0,2.50433540937727,5.673058022982799
1212.0,2.504293698858209,5.673612381336487
1213.0,2.5042520662808814,5.674166450346581
1214.0,2.504210511411261,5.674720230420171
1215.0,2.5041690340159333,5.675273721963313
1216.0,2.5041276338620917,5.675826925381029
1217.0,2.5040863107175353,5.676379841077313
1218.0,2.5040450643506675,5.6769324694551315
1219.0,2.5040038945304945,5.677484810916428
1220.0,2.503962801026622,5.6780368658621265
1221.0,2.503921783609254,5.678588634692136
1222.0,2.50388084204919,5.679140117805351
1223.0,2.503839976117825,5.679691315599658
1224.0,2.503799185587144,5.680242228471935
1225.0,2.5037584702297244,5.68079285681806
1226.0,2.50371782981873,5.6813432010329095
1227.0,2.5036772641279117,5.681893261510363
1228.0,2.503636772931604,5.682443038643308
1229.0,2.5035963560047234,5.682992532823641
1230.0,2.503556013122768,5.6835417444422704
1231.0,2.5035157440618123,5.684090673889124
1232.0,2.503475548598509,5.684639321553147
1233.0,2.5034354265100847,5.6851876878223075
1234.0,2.5033953775743383,5.685735773083599
1235.0,2.5033554015696393,5.686283577723044
1236.0,2.5033154982749264,5.686831102125699
1237.0,2.503275667469705,5.6873783466756525
1238.0,2.503235908934046,5.687925311756033
1239.0,2.503196222448582,5.68847199774901
1240.0,2.5031566077945087,5.689018405035799
1241.0,2.5031170647535794,5.689564533996659
1242.0,2.5030775931081064,5.690110385010904
1243.0,2.503038192640957,5.690655958456898
1244.0,2.5029988631355526,5.691201254712065
1245.0,2.502959604375867,5.691746274152886
1246.0,2.5029204161464227,5.692291017154905
1247.0,2.5028812982322926,5.692835484092732
1248.0,2.502842250419095,5.693379675340045
1249.0,2.5028032724929936,5.693923591269596
1250.0,2.5027643642406945,5.694467232253207
1251.0,2.502725525449445,5.695010598661782
1252.0,2.5026867559070327,5.695553690865303
1253.0,2.502648055401782,5.696096509232835
1254.0,2.502609423722554,5.696639054132531
1255.0,2.502570860658743,5.69718132593163
1256.0,2.5025323660002763,5.697723324996466
1257.0,2.5024939395376116,5.698265051692467
1258.0,2.502455581061736,5.698806506384159
1259.0,2.502417290364163,5.699347689435167
1260.0,2.5023790672369324,5.699888601208221
1261.0,2.5023409114726074,5.700429242065156
1262.0,2.502302822864273,5.700969612366919
1263.0,2.502264801205535,5.701509712473564
1264.0,2.502226846290518,5.702049542744264
1265.0,2.5021889579138623,5.702589103537308
1266.0,2.5021511358707254,5.703128395210104
1267.0,2.5021133799567767,5.703667418119185
1268.0,2.502075689968199,5.704206172620208
1269.0,2.5020380657016843,5.704744659067959
1270.0,2.5020005069544338,5.705282877816357
1271.0,2.501963013524155,5.705820829218452
1272.0,2.501925585209062,5.706358513626433
1273.0,2.5018882218078713,5.706895931391626
1274.0,2.5018509231198025,5.707433082864503
1275.0,2.501813688944575,5.707969968394677
1276.0,2.5017765190824077,5.708506588330909
1277.0,2.501739413334016,5.709042943021112
1278.0,2.5017023715006115,5.709579032812349
1279.0,2.5016653933838993,5.710114858050841
1280.0,2.5016284787860776,5.710650419081965
1281.0,2.5015916275098355,5.7111857162502595
1282.0,2.501554839358351,5.711720749899426
1283.0,2.501518114135289,5.712255520372331
1284.0,2.501481451644803,5.712790028011011
1285.0,2.5014448516915286,5.713324273156673
1286.0,2.501408314080586,5.713858256149697
1287.0,2.501371838617576,5.714391977329639
1288.0,2.5013354251085804,5.714925437035235
1289.0,2.5012990733601583,5.715458635604398
1290.0,2.501262783179347,5.7159915733742315
1291.0,2.501226554373657,5.71652425068102
1292.0,2.501190386751076,5.717056667860237
1293.0,2.501154280120061,5.71758882524655
1294.0,2.5011182342895415,5.718120723173819
1295.0,2.501082249068916,5.718652361975099
1296.0,2.5010463242680507,5.719183741982645
1297.0,2.5010104596972784,5.719714863527913
1298.0,2.5009746551673966,5.720245726941561
1299.0,2.5009389104896664,5.720776332553457
1300.0,2.5009032254758115,5.721306680692672
1301.0,2.5008675999380148,5.721836771687493
1302.0,2.500832033688919,5.7223666058654175
1303.0,2.500796526541625,5.722896183553159
1304.0,2.5007610783096887,5.723425505076649
1305.0,2.500725688807121,5.72395457076104
1306.0,2.5006903578483874,5.7244833809307085
1307.0,2.500655085248403,5.725011935909254
1308.0,2.5006198708225353,5.725540236019506
1309.0,2.5005847143865996,5.726068281583521
1310.0,2.500549615756859,5.7265960729225895
1311.0,2.500514574750024,5.727123610357238
1312.0,2.500479591183248,5.727650894207228
1313.0,2.5004446648741294,5.728177924791561
1314.0,2.5004097956407074,5.72870470242848
1315.0,2.500374983301463,5.729231227435473
1316.0,2.500340227675315,5.729757500129271
1317.0,2.500305528581622,5.730283520825856
1318.0,2.500270885840177,5.730809289840463
1319.0,2.50023629927121,5.731334807487574
1320.0,2.5002017686953835,5.731860074080932
1321.0,2.5001672939337927,5.732385089933534
1322.0,2.500132874807964,5.732909855357639
1323.0,2.5000985111398544,5.733434370664767
1324.0,2.500064202751848,5.733958636165702
1325.0,2.500029949466756,5.7344826521704935
1326.0,2.499995751107816,5.735006418988462
1327.0,2.4999616074986903,5.735529936928198
1328.0,2.4999275184634633,5.736053206297564
1329.0,2.499893483826642,5.736576227403698
1330.0,2.499859503413153,5.737099000553017
1331.0,2.4998255770483437,5.737621526051216
1332.0,2.499791704557978,5.738143804203271
1333.0,2.4997578857682363,5.738665835313444
1334.0,2.499724120505715,5.739187619685283
1335.0,2.499690408597424,5.739709157621622
1336.0,2.4996567498707867,5.740230449424587
1337.0,2.499623144153637,5.740751495395595
1338.0,2.49958959127422,5.741272295835359
1339.0,2.499556091061189,5.741792851043888
1340.0,2.4995226433436053,5.74231316132049
1341.0,2.4994892479509363,5.742833226963771
1342.0,2.499455904713055,5.743353048271646
1343.0,2.4994226134602378,5.7438726255413295
1344.0,2.4993893740231647,5.744391959069345
1345.0,2.4993561862329163,5.744911049151525
1346.0,2.4993230499209735,5.745429896083013
1347.0,2.499289964919217,5.745948500158265
1348.0,2.499256931059924,5.746466861671054
1349.0,2.4992239481757696,5.746984980914469
1350.0,2.4991910160998234,5.747502858180917
1351.0,2.4991581346655494,5.748020493762129
1352.0,2.499125303706805,5.748537887949158
1353.0,2.499092523057838,5.749055041032382
1354.0,2.4990597925532883,5.749571953301507
1355.0,2.4990271120281844,5.750088625045565
1356.0,2.498994481317943,5.750605056552925
1357.0,2.498961900258368,5.751121248111285
1358.0,2.4989293686856486,5.7516372000076785
1359.0,2.4988968864363597,5.752152912528478
1360.0,2.498864453347459,5.752668385959393
1361.0,2.498832069256286,5.753183620585475
1362.0,2.498799734000563,5.7536986166911195
1363.0,2.4987674474183903,5.754213374560064
1364.0,2.4987352093482484,5.754727894475395
1365.0,2.498703019628995,5.755242176719547
1366.0,2.498670878099865,5.755756221574306
1367.0,2.498638784600468,5.7562700293208096
1368.0,2.4986067389707878,5.756783600239549
1369.0,2.4985747410511823,5.757296934610373
1370.0,2.4985427906823805,5.757810032712488
1371.0,2.4985108877054834,5.7583228948244605
1372.0,2.4984790319619603,5.758835521224219
1373.0,2.4984472232936508,5.759347912189056
1374.0,2.498415461542761,5.759860067995628
1375.0,2.498383746551864,5.760371988919962
1376.0,2.498352078163898,5.760883675237451
1377.0,2.4983204562221664,5.761395127222861
1378.0,2.4982888805703345,5.76190634515033
1379.0,2.4982573510524304,5.762417329293372
1380.0,2.498225867512843,5.762928079924877
1381.0,2.4981944297963214,5.763438597317112
1382.0,2.4981630377479735,5.763948881741727
1383.0,2.498131691213265,5.764458933469751
1384.0,2.4981003900380183,5.764968752771598
1385.0,2.4980691340684116,5.765478339917068
1386.0,2.4980379231509775,5.7659876951753475
1387.0,2.4980067571326026,5.766496818815013
1388.0,2.497975635860526,5.767005711104032
1389.0,2.4979445591823373,5.767514372309763
1390.0,2.4979135269459776,5.768022802698959
1391.0,2.497882538999737,5.768531002537771
1392.0,2.497851595192254,5.769038972091746
1393.0,2.497820695372514,5.769546711625831
1394.0,2.4977898393898497,5.770054221404376
1395.0,2.4977590270939376,5.77056150169113
1396.0,2.4977282583347997,5.7710685527492505
1397.0,2.4976975329628006,5.7715753748413
1398.0,2.4976668508286477,5.772081968229248
1399.0,2.4976362117833886,5.772588333174476
1400.0,2.497605615678412,5.773094469937776
1401.0,2.497575062365445,5.773600378779353
1402.0,2.4975445516965538,5.774106059958826
1403.0,2.497514083524141,5.774611513735232
1404.0,2.497483657700946,5.775116740367026
1405.0,2.497453274080043,5.775621740112082
1406.0,2.49742293251484,5.7761265132276955
1407.0,2.497392632859079,5.776631059970586
1408.0,2.4973623749668343,5.7771353805968975
1409.0,2.4973321586925112,5.7776394753622
1410.0,2.497301983890845,5.778143344521491
1411.0,2.497271850416901,5.7786469883292
1412.0,2.4972417581260724,5.779150407039185
1413.0,2.49721170687408,5.779653600904739
1414.0,2.4971816965169706,5.780156570178589
1415.0,2.4971517269111176,5.780659315112896
1416.0,2.497121797913218,5.781161835959261
1417.0,2.497091909380293,5.781664132968724
1418.0,2.497062061169686,5.782166206391766
1419.0,2.497032253139062,5.78266805647831
1420.0,2.4970024851464077,5.783169683477722
1421.0,2.496972757050029,5.783671087638816
1422.0,2.4969430687085503,5.784172269209851
1423.0,2.496913419980915,5.784673228438535
1424.0,2.4968838107263833,5.785173965572028
1425.0,2.496854240804531,5.785674480856939
1426.0,2.4968247100752494,5.786174774539334
1427.0,2.4967952183987445,5.78667484686473
1428.0,2.4967657656355358,5.787174698078103
1429.0,2.4967363516464545,5.787674328423886
1430.0,2.4967069762926437,5.788173738145972
1431.0,2.496677639435558,5.788672927487715
1432.0,2.4966483409369604,5.78917189669193
1433.0,2.4966190806589244,5.789670646000898
1434.0,2.4965898584638304,5.790169175656364
1435.0,2.4965606742143667,5.79066748589954
1436.0,2.4965315277735267,5.791165576971109
1437.0,2.4965024190046106,5.79166344911122
1438.0,2.496473347771222,5.792161102559496
1439.0,2.4964443139372685,5.792658537555033
1440.0,2.4964153173669605,5.7931557543364
1441.0,2.4963863579248105,5.793652753141643
1442.0,2.4963574354756317,5.794149534208285
1443.0,2.496328549884537,5.7946460977733265
1444.0,2.4962997010169397,5.79514244407325
1445.0,2.4962708887385507,5.79563857334402
1446.0,2.496242112915379,5.7961344858210815
1447.0,2.4962133734137293,5.796630181739366
1448.0,2.4961846701002033,5.797125661333291
1449.0,2.496156002841697,5.797620924836759
1450.0,2.4961273715054015,5.798115972483166
1451.0,2.4960987759588003,5.798610804505393
1452.0,2.4960702160696697,5.799105421135816
1453.0,2.496041691706078,5.799599822606303
1454.0,2.496013202736384,5.800094009148215
1455.0,2.495984749029237,5.800587980992412
1456.0,2.495956330453574,5.801081738369248
1457.0,2.495927946878622,5.801575281508578
1458.0,2.495899598173896,5.802068610639755
1459.0,2.4958712842091955,5.8025617259916356
1460.0,2.4958430048546076,5.8030546277925765
1461.0,2.4958147599805045,5.80354731627044
1462.0,2.495786549457542,5.804039791652594
1463.0,2.4957583731566597,5.804532054165912
1464.0,2.49573023094908,5.805024104036777
1465.0,2.495702122706307,5.805515941491081
1466.0,2.4956740483001263,5.806007566754227
1467.0,2.4956460076026032,5.806498980051129
1468.0,2.4956180004860835,5.806990181606216
1469.0,2.4955900268231908,5.807481171643432
1470.0,2.4955620864868266,5.807971950386236
1471.0,2.4955341793501704,5.808462518057604
1472.0,2.4955063052866775,5.808952874880034
1473.0,2.4954784641700787,5.80944302107554
1474.0,2.49545065587438,5.80993295686566
1475.0,2.4954228802738614,5.810422682471455
1476.0,2.495395137243076,5.810912198113509
1477.0,2.4953674266568493,5.81140150401193
1478.0,2.495339748390279,5.811890600386355
1479.0,2.4953121023187337,5.812379487455948
1480.0,2.495284488317852,5.812868165439402
1481.0,2.4952569062635424,5.813356634554941
1482.0,2.4952293560319814,5.8138448950203205
1483.0,2.4952018374996143,5.814332947052829
1484.0,2.4951743505431527,5.814820790869289
1485.0,2.495146895039576,5.81530842668606
1486.0,2.4951194708661277,5.815795854719035
1487.0,2.495092077900318,5.816283075183648
1488.0,2.49506471601992,5.816770088294872
1489.0,2.4950373851029712,5.817256894267219
1490.0,2.495010085027771,5.817743493314745
1491.0,2.4949828156728824,5.818229885651046
1492.0,2.494955576917128,5.818716071489266
1493.0,2.4949283686395916,5.819202051042092
1494.0,2.4949011907196175,5.819687824521758
1495.0,2.4948740430368086,5.8201733921400445
1496.0,2.4948469254710264,5.820658754108285
1497.0,2.4948198379023903,5.82114391063736
1498.0,2.4947927802112764,5.821628861937704
1499.0,2.494765752278317,5.8221136082193015
1500.0,2.4947387539844,5.822598149691692
1501.0,2.494711785210669,5.8230824865639725
1502.0,2.494684845838521,5.823566619044793
1503.0,2.4946579357496064,5.824050547342362
1504.0,2.494631054825829,5.824534271664449
1505.0,2.494604202949344,5.825017792218381
1506.0,2.4945773800025584,5.825501109211046
1507.0,2.49455058586813,5.825984222848894
1508.0,2.494523820428966,5.826467133337942
1509.0,2.4944970835682243,5.826949840883766
1510.0,2.49447037516931,5.827432345691513
1511.0,2.494443695115877,5.827914647965893
1512.0,2.494417043291825,5.828396747911187
1513.0,2.4943904195813027,5.828878645731243
1514.0,2.4943638238687034,5.829360341629481
1515.0,2.494337256038665,5.829841835808891
1516.0,2.4943107159760713,5.830323128472036
1517.0,2.4942842035660493,5.8308042198210535
1518.0,2.494257718693969,5.831285110057656
1519.0,2.4942312612454436,5.83176579938313
1520.0,2.494204831106328,5.832246287998343
1521.0,2.4941784281627184,5.832726576103737
1522.0,2.4941520523009513,5.833206663899335
1523.0,2.494125703407603,5.833686551584741
1524.0,2.49409938136949,5.8341662393591385
1525.0,2.4940730860736666,5.834645727421297
1526.0,2.4940468174074253,5.835125015969566
1527.0,2.494020575258296,5.835604105201883
1528.0,2.4939943595140455,5.8360829953157705
1529.0,2.493968170062676,5.836561686508338
1530.0,2.493942006792426,5.837040178976283
1531.0,2.493915869591768,5.837518472915892
1532.0,2.4938897583494084,5.837996568523044
1533.0,2.4938636729542885,5.838474465993206
1534.0,2.4938376132955815,5.838952165521441
1535.0,2.4938115792626925,5.839429667302403
1536.0,2.493785570745259,5.839906971530341
1537.0,2.493759587633149,5.840384078399101
1538.0,2.493733629816461,5.840860988102124
1539.0,2.493707697185523,5.841337700832451
1540.0,2.4936817896308927,5.84181421678272
1541.0,2.4936559070433555,5.84229053614517
1542.0,2.4936300493139254,5.842766659111641
1543.0,2.4936042163338437,5.843242585873574
1544.0,2.4935784079945775,5.843718316622013
1545.0,2.4935526241878208,5.844193851547608
1546.0,2.4935268648054927,5.844669190840613
1547.0,2.493501129739737,5.845144334690888
1548.0,2.4934754188829222,5.845619283287899
1549.0,2.49344973212764,5.846094036820722
1550.0,2.493424069366705,5.846568595478043
1551.0,2.493398430493155,5.8470429594481566
1552.0,2.4933728154002486,5.847517128918968
1553.0,2.4933472239814667,5.8479911040779955
1554.0,2.4933216561305103,5.848464885112372
1555.0,2.4932961117413,5.848938472208843
1556.0,2.493270590707977,5.84941186555377
1557.0,2.4932450929249,5.8498850653331305
1558.0,2.4932196182866475,5.850358071732519
1559.0,2.4931941666880144,5.85083088493715
1560.0,2.4931687380240137,5.851303505131855
1561.0,2.493143332189874,5.851775932501087
1562.0,2.493117949081041,5.85224816722892
1563.0,2.4930925885931754,5.85272020949905
1564.0,2.493067250622152,5.853192059494796
1565.0,2.4930419350640607,5.853663717399101
1566.0,2.493016641815205,5.8541351833945345
1567.0,2.4929913707721014,5.85460645766329
1568.0,2.4929661218314787,5.85507754038719
1569.0,2.4929408948902783,5.855548431747684
1570.0,2.4929156898456526,5.8560191319258506
1571.0,2.4928905065949647,5.856489641102399
1572.0,2.4928653450357885,5.856959959457668
1573.0,2.4928402050659075,5.857430087171629
1574.0,2.4928150865833145,5.857900024423887
1575.0,2.4927899894862104,5.858369771393678
1576.0,2.492764913673005,5.858839328259876
1577.0,2.492739859042315,5.859308695200988
1578.0,2.492714825492964,5.859777872395159
1579.0,2.492689812923983,5.860246860020171
1580.0,2.4926648212346088,5.8607156582534445
1581.0,2.492639850324282,5.861184267272039
1582.0,2.4926149000926503,5.861652687252654
1583.0,2.492589970439564,5.862120918371631
1584.0,2.492565061265078,5.8625889608049535
1585.0,2.4925401724694494,5.863056814728247
1586.0,2.4925153039531396,5.863524480316782
1587.0,2.492490455616811,5.863991957745473
1588.0,2.492465627361328,5.864459247188879
1589.0,2.492440819087756,5.86492634882121
1590.0,2.492416030697361,5.865393262816318
1591.0,2.492391262091609,5.865859989347707
1592.0,2.4923665131721653,5.86632652858853
1593.0,2.492341783840895,5.866792880711589
1594.0,2.492317073999861,5.867259045889337
1595.0,2.492292383551324,5.86772502429388
1596.0,2.492267712397743,5.868190816096976
1597.0,2.492243060441773,5.868656421470037
1598.0,2.492218427586266,5.86912184058413
1599.0,2.49219381373427,5.869587073609977
1600.0,2.492169218789028,5.870052120717956
1601.0,2.4921446426539777,5.870516982078104
1602.0,2.492120085232752,5.870981657860113
1603.0,2.4920955464291765,5.871446148233336
1604.0,2.4920710261472716,5.871910453366787
1605.0,2.4920465242912493,5.872374573429139
1606.0,2.4920220407655145,5.872838508588725
1607.0,2.4919975754746644,5.873302259013543
1608.0,2.4919731283234867,5.873765824871253
1609.0,2.4919486992169606,5.874229206329179
1610.0,2.4919242880602557,5.874692403554311
1611.0,2.4918998947587307,5.875155416713305
1612.0,2.4918755192179347,5.875618245972481
1613.0,2.491851161343605,5.876080891497828
1614.0,2.4918268210416685,5.876543353455005
1615.0,2.4918024982182385,5.877005632009337
1616.0,2.4917781927796163,5.87746772732582
1617.0,2.4917539046322905,5.877929639569123
1618.0,2.4917296336829358,5.878391368903583
1619.0,2.491705379838413,5.878852915493212
1620.0,2.4916811430057684,5.879314279501695
1621.0,2.4916569230922336,5.879775461092389
1622.0,2.491632720005225,5.8802364604283275
1623.0,2.491608533652342,5.88069727767222
1624.0,2.491584363941369,5.881157912986452
1625.0,2.4915602107802726,5.881618366533086
1626.0,2.491536074077202,5.882078638473863
1627.0,2.4915119537404893,5.882538728970203
1628.0,2.491487849678648,5.882998638183205
1629.0,2.491463761800373,5.883458366273648
1630.0,2.4914396900145395,5.883917913401994
1631.0,2.491415634230204,5.884377279728388
1632.0,2.491391594356602,5.884836465412654
1633.0,2.4913675703031486,5.885295470614302
1634.0,2.4913435619794386,5.885754295492528
1635.0,2.4913195692952446,5.886212940206209
1636.0,2.4912955921605175,5.886671404913913
1637.0,2.491271630485386,5.887129689773891
1638.0,2.491247684180155,5.887587794944084
1639.0,2.4912237531553076,5.888045720582118
1640.0,2.491199837321502,5.888503466845313
1641.0,2.4911759365895723,5.888961033890674
1642.0,2.4911520508705287,5.889418421874901
1643.0,2.491128180075556,5.889875630954382
1644.0,2.491104324116013,5.890332661285199
1645.0,2.491080482903433,5.890789513023126
1646.0,2.4910566563495227,5.891246186323632
1647.0,2.4910328443661616,5.8917026813418785
1648.0,2.4910090468654027,5.892158998232724
1649.0,2.4909852637594705,5.892615137150723
1650.0,2.490961494960762,5.893071098250124
1651.0,2.4909377403818453,5.893526881684877
1652.0,2.4909139999354593,5.893982487608626
1653.0,2.4908902735345135,5.894437916174717
1654.0,2.490866561092088,5.894893167536195
1655.0,2.4908428625214314,5.895348241845806
1656.0,2.490819177735963,5.895803139255994
1657.0,2.4907955066492695,5.89625785991891
1658.0,2.490771849175107,5.896712403986402
1659.0,2.4907482052274,5.897166771610025
1660.0,2.4907245747202387,5.897620962941039
1661.0,2.490700957567882,5.8980749781304045
1662.0,2.4906773536847546,5.898528817328791
1663.0,2.490653762985448,5.898982480686573
1664.0,2.49063018538472,5.899435968353834
1665.0,2.4906066207974926,5.899889280480361
1666.0,2.490583069138854,5.9003424172156524
1667.0,2.490559530324057,5.900795378708915
1668.0,2.490536004268517,5.901248165109067
1669.0,2.490512490887815,5.901700776564733
1670.0,2.490488990097695,5.902153213224254
1671.0,2.490465501814063,5.902605475235678
1672.0,2.490442025952989,5.90305756274677
1673.0,2.4904185624307034,5.903509475905005
1674.0,2.4903951111636,5.903961214857573
1675.0,2.4903716720682336,5.904412779751381
1676.0,2.4903482450613192,5.904864170733046
1677.0,2.490324830059733,5.9053153879489075
1678.0,2.4903014269805115,5.905766431545017
1679.0,2.4902780357408503,5.906217301667147
1680.0,2.4902546562581045,5.906667998460785
1681.0,2.4902312884497886,5.907118522071139
1682.0,2.490207932233575,5.907568872643137
1683.0,2.490184587527295,5.908019050321426
1684.0,2.490161254248937,5.908469055250373
1685.0,2.4901379323166473,5.908918887574071
1686.0,2.490114621648729,5.90936854743633
1687.0,2.4900913221636416,5.9098180349806855
1688.0,2.490068033780001,5.910267350350396
1689.0,2.490044756416579,5.910716493688445
1690.0,2.4900214899923023,5.911165465137539
1691.0,2.4899982344262535,5.911614264840112
1692.0,2.4899749896376693,5.912062892938323
1693.0,2.4899517555459405,5.91251134957406
1694.0,2.489928532070613,5.912959634888935
1695.0,2.4899053191313842,5.913407749024292
1696.0,2.4898821166481064,5.9138556921212
1697.0,2.489858924540784,5.9143034643204615
1698.0,2.4898357427295736,5.914751065762606
1699.0,2.4898125711347845,5.9151984965878945
1700.0,2.489789409676877,5.91564575693632
1701.0,2.4897662582764624,5.916092846947609
1702.0,2.489743116854304,5.916539766761217
1703.0,2.489719985331314,5.916986516516337
1704.0,2.4896968636285566,5.917433096351893
1705.0,2.4896737516672443,5.917879506406544
1706.0,2.48965064936874,5.918325746818686
1707.0,2.489627556654555,5.918771817726451
1708.0,2.4896044734463496,5.919217719267704
1709.0,2.489581399665932,5.919663451580051
1710.0,2.4895583352352593,5.9201090148008335
1711.0,2.489535280076435,5.920554409067134
1712.0,2.4895122341117104,5.920999634515771
1713.0,2.489489197263484,5.921444691283304
1714.0,2.4894661694543,5.921889579506034
1715.0,2.4894431506068497,5.92233429932
1716.0,2.4894201406439693,5.922778850860986
1717.0,2.4893971394886414,5.9232232342645155
1718.0,2.4893741470639923,5.923667449665856
1719.0,2.4893511632932945,5.924111497200017
1720.0,2.489328188099964,5.924555377001754
1721.0,2.489305221407561,5.924999089205566
1722.0,2.4892822631397893,5.925442633945697
1723.0,2.4892593132204963,5.925886011356138
1724.0,2.4892363715736723,5.926329221570623
1725.0,2.48921343812345,5.926772264722638
1726.0,2.489190512794104,5.927215140945413
1727.0,2.4891675955100516,5.9276578503719275
1728.0,2.4891446861958517,5.928100393134909
1729.0,2.4891217847762044,5.928542769366835
1730.0,2.4890988911759497,5.928984979199933
1731.0,2.4890760053200696,5.929427022766181
1732.0,2.489053127133685,5.929868900197309
1733.0,2.489030256542058,5.930310611624796
1734.0,2.489007393470589,5.930752157179875
1735.0,2.4889845378448183,5.9311935369935345
1736.0,2.488961689590425,5.931634751196512
1737.0,2.4889388486332265,5.932075799919302
1738.0,2.4889160148991785,5.932516683292151
1739.0,2.488893188314375,5.932957401445065
1740.0,2.4888703688050464,5.933397954507802
1741.0,2.4888475562975616,5.933838342609878
1742.0,2.488824750718426,5.934278565880565
1743.0,2.4888019519942803,5.934718624448893
1744.0,2.4887791600519034,5.935158518443651
1745.0,2.488756374818209,5.935598247993386
1746.0,2.488733596220246,5.936037813226404
1747.0,2.488710824185199,5.936477214270771
1748.0,2.488688058640388,5.936916451254312
1749.0,2.4886652995132668,5.937355524304615
1750.0,2.4886425467314233,5.937794433549029
1751.0,2.48861980022258,5.938233179114664
1752.0,2.4885970599145932,5.9386717611283935
1753.0,2.488574325735452,5.939110179716853
1754.0,2.4885515976132777,5.9395484350064445
1755.0,2.4885288754763257,5.939986527123331
1756.0,2.488506159252983,5.940424456193441
1757.0,2.488483448871768,5.940862222342471
1758.0,2.488460744261333,5.941299825695879
1759.0,2.488438045350459,5.941737266378892
1760.0,2.4884153520680594,5.942174544516505
1761.0,2.4883926643431784,5.942611660233479
1762.0,2.4883699821049907,5.943048613654343
1763.0,2.4883473052828005,5.943485404903394
1764.0,2.4883246338060427,5.943922034104701
1765.0,2.488301967604281,5.9443585013821
1766.0,2.4882793066072084,5.944794806859196
1767.0,2.488256650744647,5.9452309506593695
1768.0,2.4882339999465475,5.945666932905768
1769.0,2.488211354142989,5.946102753721312
1770.0,2.488188713264178,5.946538413228695
1771.0,2.4881660772404492,5.9469739115503835
1772.0,2.488143446002265,5.947409248808616
1773.0,2.488120819480214,5.947844425125406
1774.0,2.488098197605012,5.948279440622541
1775.0,2.4880755803075014,5.948714295421585
1776.0,2.4880529675186507,5.9491489896438745
1777.0,2.4880303591695543,5.949583523410524
1778.0,2.488007755191432,5.950017896842424
1779.0,2.487985155515629,5.950452110060243
1780.0,2.487962560073615,5.950886163184425
1781.0,2.4879399687969856,5.951320056335193
1782.0,2.4879173816174593,5.9517537896325505
1783.0,2.48789479846688,5.952187363196278
1784.0,2.4878722192772145,5.952620777145935
1785.0,2.487849643980553,5.953054031600862
1786.0,2.48782707250911,5.953487126680181
1787.0,2.487804504795222,5.953920062502793
1788.0,2.487781940771349,5.954352839187384
1789.0,2.4877593803700715,5.9547854568524174
1790.0,2.487736823524094,5.955217915616144
1791.0,2.4877142701662427,5.955650215596594
1792.0,2.487691720229464,5.956082356911583
1793.0,2.487669173646826,5.956514339678711
1794.0,2.4876466303515183,5.956946164015362
1795.0,2.4876240902768507,5.957377830038704
1796.0,2.487601553356253,5.957809337865692
1797.0,2.4875790195232756,5.958240687613067
1798.0,2.487556488711589,5.958671879397356
1799.0,2.4875339608549822,5.959102913334873
1800.0,2.4875114358873645,5.959533789541721
1801.0,2.487488913742763,5.9599645081337895
1802.0,2.487466394355325,5.960395069226756
1803.0,2.487443877659314,5.960825472936088
1804.0,2.4874213635891134,5.961255719377044
1805.0,2.4873988520792243,5.961685808664668
1806.0,2.487376343064265,5.962115740913799
1807.0,2.4873538364789702,5.962545516239064
1808.0,2.4873313322581936,5.962975134754884
1809.0,2.4873088303369038,5.963404596575469
1810.0,2.487286330650187,5.963833901814823
1811.0,2.4872638331332446,5.964263050586743
1812.0,2.4872413377213953,5.964692043004817
1813.0,2.4872188443500725,5.96512087918243
1814.0,2.487196352954825,5.965549559232759
1815.0,2.4871738634713165,5.9659780832687765
1816.0,2.4871513758353263,5.96640645140325
1817.0,2.487128889982748,5.966834663748743
1818.0,2.4871064058495898,5.967262720417613
1819.0,2.487083923371973,5.967690621522018
1820.0,2.4870614424861333,5.9681183671739095
1821.0,2.4870389631284198,5.968545957485038
1822.0,2.4870164852352956,5.96897339256695
1823.0,2.4869940087433355,5.969400672530993
1824.0,2.4869715335892284,5.969827797488312
1825.0,2.4869490597097745,5.970254767549852
1826.0,2.4869265870418866,5.970681582826356
1827.0,2.48690411552259,5.971108243428369
1828.0,2.486881645089021,5.971534749466237
1829.0,2.4868591756784277,5.971961101050104
1830.0,2.486836707228169,5.972387298289918
1831.0,2.4868142396757156,5.9728133412954305
1832.0,2.4867917729586475,5.973239230176191
1833.0,2.4867693070146566,5.973664965041556
1834.0,2.4867468417815437,5.974090546000684
1835.0,2.4867243771972207,5.974515973162536
1836.0,2.486701913199708,5.974941246635877
1837.0,2.486679449727136,5.97536636652928
1838.0,2.4866569867177444,5.975791332951119
1839.0,2.4866345241098813,5.976216146009577
1840.0,2.4866120618420036,5.9766408058126395
1841.0,2.4865895998526772,5.977065312468101
1842.0,2.4865671380805754,5.977489666083561
1843.0,2.4865446764644794,5.977913866766428
1844.0,2.4865222149432786,5.978337914623919
1845.0,2.48649975345597,5.978761809763054
1846.0,2.4864772919416565,5.979185552290668
1847.0,2.486454830339549,5.9796091423134
1848.0,2.4864323685889644,5.980032579937702
1849.0,2.4864099066293273,5.980455865269833
1850.0,2.486387444400167,5.9808789984158635
1851.0,2.4863649818411195,5.981301979481675
1852.0,2.4863425188919264,5.981724808572959
1853.0,2.4863200554924343,5.9821474857952195
1854.0,2.486297591582596,5.982570011253773
1855.0,2.4862751271024677,5.9829923850537465
1856.0,2.486252661992212,5.983414607300081
1857.0,2.4862301961920954,5.98383667809753
1858.0,2.4862077296424885,5.984258597550662
1859.0,2.486185262283866,5.984680365763858
1860.0,2.4861627940568063,5.985101982841314
1861.0,2.4861403249019913,5.985523448887041
1862.0,2.4861178547602067,5.985944764004865
1863.0,2.4860953835723407,5.986365928298427
1864.0,2.4860729112793845,5.986786941871185
1865.0,2.4860504378224317,5.987207804826414
1866.0,2.4860279631426794,5.987628517267205
1867.0,2.4860054871814254,5.9880490792964665
1868.0,2.48598300988007,5.988469491016924
1869.0,2.4859605311801154,5.988889752531122
1870.0,2.485938051023165,5.989309863941424
1871.0,2.485915569350923,5.98972982535001
1872.0,2.485893086105196,5.990149636858883
1873.0,2.48587060122789,5.990569298569862
1874.0,2.4858481146610116,5.9909888105845885
1875.0,2.4858256263466685,5.991408173004524
1876.0,2.485803136227068,5.991827385930951
1877.0,2.4857806442445174,5.992246449464972
1878.0,2.4857581503414234,5.992665363707512
1879.0,2.485735654460292,5.993084128759319
1880.0,2.4857131565437296,5.9935027447209634
1881.0,2.4856906565344397,5.993921211692837
1882.0,2.4856681543752255,5.994339529775155
1883.0,2.4856456500089887,5.994757699067958
1884.0,2.4856231433787297,5.995175719671108
1885.0,2.485600634427546,5.995593591684295
1886.0,2.4855781230986334,5.99601131520703
1887.0,2.485555609335286,5.996428890338652
1888.0,2.4855330930808943,5.996846317178323
1889.0,2.4855105742789463,5.997263595825034
1890.0,2.485488052873027,5.997680726377601
1891.0,2.4854655288068184,5.998097708934665
1892.0,2.4854430020240987,5.9985145435946965
1893.0,2.4854204724687428,5.998931230455993
1894.0,2.4853979400847215,5.999347769616678
1895.0,2.485375404816101,5.999764161174706
1896.0,2.485352866607044,6.000180405227859
1897.0,2.4853303254018084,6.000596501873747
1898.0,2.4853077811447473,6.00101245120981
1899.0,2.485285233780308,6.0014282533333185
1900.0,2.4852626832530347,6.001843908341372
1901.0,2.485240129507564,6.002259416330901
1902.0,2.485217572488628,6.002674777398667
1903.0,2.485195012141053,6.003089991641263
1904.0,2.4851724484097586,6.003505059155112
1905.0,2.485149881239759,6.00391998003647
1906.0,2.485127310576162,6.004334754381428
1907.0,2.4851047363641676,6.004749382285904
1908.0,2.48508215854907,6.005163863845652
1909.0,2.4850595770762562,6.005578199156262
1910.0,2.4850369918912056,6.005992388313153
1911.0,2.4850144029394903,6.006406431411582
1912.0,2.4849918101667745,6.006820328546638
1913.0,2.484969213518815,6.007234079813246
1914.0,2.48494661294146,6.007647685306166
1915.0,2.48492400838065,6.008061145119993
1916.0,2.484901399782416,6.008474459349158
1917.0,2.4848787870928812,6.008887628087931
1918.0,2.48485617025826,6.009300651430414
1919.0,2.4848335492248568,6.00971352947055
1920.0,2.4848109239390674,6.0101262623021166
1921.0,2.484788294347378,6.010538850018731
1922.0,2.4847656603963646,6.010951292713848
1923.0,2.484743022032694,6.01136359048076
1924.0,2.484720379203122,6.011775743412598
1925.0,2.4846977318544954,6.012187751602334
1926.0,2.484675079933749,6.012599615142777
1927.0,2.4846524233879084,6.013011334126578
1928.0,2.484629762164087,6.013422908646226
1929.0,2.4846070962094875,6.0138343387940525
1930.0,2.4845844254714016,6.0142456246622285
1931.0,2.484561749897209,6.014656766342767
1932.0,2.4845390694343785,6.015067763927521
1933.0,2.4845163840304667,6.0154786175081885
1934.0,2.4844936936331177,6.015889327176306
1935.0,2.4844709981900635,6.016299893023255
1936.0,2.4844482976491236,6.0167103151402594
1937.0,2.4844255919582054,6.017120593618385
1938.0,2.484402881065303,6.017530728548542
1939.0,2.484380164918498,6.017940720021486
1940.0,2.484357443465957,6.018350568127815
1941.0,2.4843347166559355,6.018760272957971
1942.0,2.484311984436774,6.019169834602244
1943.0,2.4842892467568993,6.0195792531507655
1944.0,2.4842665035648253,6.019988528693514
1945.0,2.48424375480915,6.020397661320316
1946.0,2.4842210004385588,6.02080665112084
1947.0,2.484198240401821,6.021215498184605
1948.0,2.4841754746477918,6.021624202600975
1949.0,2.484152703125412,6.022032764459161
1950.0,2.4841299257837064,6.022441183848223
1951.0,2.483271658634406,6.022848970919724
1952.0,2.4824134934730138,6.023255637909771
1953.0,2.4815554285935417,6.0236611879219835
1954.0,2.4806974622971056,6.024065624048121
1955.0,2.479839592891883,6.02446894936815
1956.0,2.478981818693071,6.024871166950311
1957.0,2.478124138022848,6.025272279851186
1958.0,2.477266549210329,6.02567229111576
1959.0,2.476409050591527,6.0260712037774935
1960.0,2.475551640509313,6.026469020858381
1961.0,2.474694317313376,6.026865745369021
1962.0,2.473837079360183,6.0272613803086745
1963.0,2.4729799250129387,6.027655928665334
1964.0,2.4721228526415486,6.028049393415784
1965.0,2.4712658606225784,6.028441777525663
1966.0,2.470408947339216,6.0288330839495305
1967.0,2.4695521111812337,6.0292233156309205
1968.0,2.46869535054495,6.029612475502412
1969.0,2.4678386638331915,6.0300005664856835
1970.0,2.466982049455257,6.030387591491577
1971.0,2.466125505826878,6.030773553420156
1972.0,2.465269031370184,6.031158455160768
1973.0,2.4644126245136646,6.031542299592101
1974.0,2.463556283692134,6.031925089582245
1975.0,2.4627000073466943,6.032306827988747
1976.0,2.4618437939247007,6.032687517658673
1977.0,2.4609876418797247,6.033067161428663
1978.0,2.46013154967152,6.033445762124989
1979.0,2.459275515765986,6.033823322563612
1980.0,2.4584195386351344,6.034199845550239
1981.0,2.4575636167570543,6.034575333880377
1982.0,2.456707748615878,6.034949790339392
1983.0,2.4558519327017465,6.035323217702563
1984.0,2.4549961675107763,6.035695618735134
1985.0,2.4541404515450256,6.036066996192372
1986.0,2.4532847833124607,6.036437352819622
1987.0,2.452429161326923,6.036806691352357
1988.0,2.451573584108097,6.037175014516234
1989.0,2.4507180501814765,6.037542325027147
1990.0,2.4498625580783333,6.037908625591278
1991.0,2.4490071063356846,6.038273918905152
1992.0,2.4481516934962606,6.038638207655686
1993.0,2.4472963181084735,6.039001494520243
1994.0,2.4464409787263857,6.039363782166683
1995.0,2.4455856739096786,6.039725073253412
1996.0,2.4447304022236223,6.040085370429434
1997.0,2.4438751622390433,6.040444676334402
1998.0,2.443019952532295,6.040802993598666
1999.0,2.4421647716852273,6.041160324843324
2000.0,2.4413096182851564,6.041516672680273
2001.0,2.440454490924834,6.041872039712251
2002.0,2.439599388202419,6.042226428532894
2003.0,2.4387443087214464,6.042579841726778
2004.0,2.4378892510907995,6.042932281869471
2005.0,2.4370342139246794,6.0432837515275795
2006.0,2.4361791958425774,6.043634253258792
2007.0,2.435324195469245,6.043983789611931
2008.0,2.434469211434666,6.044332363126999
2009.0,2.4336142423740292,6.044679976335222
2010.0,2.432759286927698,6.045026631759097
2011.0,2.431904343741184,6.045372331912437
2012.0,2.431049411465119,6.045717079300418
2013.0,2.430194488755228,6.046060876419624
2014.0,2.4293395742723005,6.046403725758089
2015.0,2.4284846666821642,6.046745629795345
2016.0,2.4276297646556584,6.047086591002464
2017.0,2.4267748668686058,6.047426611842102
2018.0,2.4259199720017874,6.047765694768543
2019.0,2.4250650787409156,6.048103842227745
2020.0,2.4242101857766074,6.048441056657376
2021.0,2.423355291804359,6.048777340486865
2022.0,2.422500395524519,6.049112696137438
2023.0,2.4216454956422635,6.049447126022165
2024.0,2.420790590867571,6.049780632545998
2025.0,2.419935679915196,6.050113218105816
2026.0,2.4190807615046435,6.050444885090462
2027.0,2.4182258343601455,6.05077563588079
2028.0,2.417370897210635,6.0511054728497005
2029.0,2.4165159487897214,6.051434398362184
2030.0,2.4156609878356665,6.051762414775359
2031.0,2.414806013091359,6.052089524438516
2032.0,2.4139510233042922,6.052415729693153
2033.0,2.413096017226538,6.052741032873016
2034.0,2.412240993614724,6.05306543630414
2035.0,2.4113859512300104,6.0533889423048866
2036.0,2.4105308888380645,6.053711553185984
2037.0,2.4096758052090395,6.054033271250563
2038.0,2.4088206991175496,6.054354098794197
2039.0,2.407965569342648,6.05467403810494
2040.0,2.4071104146678035,6.0549930914633645
2041.0,2.4062552338808776,6.055311261142598
2042.0,2.405400025774102,6.05562854940836
2043.0,2.4045447891440563,6.055944958519002
2044.0,2.4036895227916455,6.05626049072554
2045.0,2.4028342255220783,6.056575148271695
2046.0,2.4019788961448434,6.056888933393925
2047.0,2.4011235334736902,6.057201848321465
2048.0,2.4002681363266047,6.057513895276362
2049.0,2.3994127035257895,6.057825076473508
2050.0,2.3985572338976415,6.058135394120678
2051.0,2.397701726272731,6.058444850418566
2052.0,2.3968461794857796,6.058753447560816
2053.0,2.395990592375641,6.059061187734061
2054.0,2.395134963785278,6.059368073117954
2055.0,2.3942792925617433,6.059674105885204
2056.0,2.3934235775561583,6.059979288201612
2057.0,2.3925678176236924,6.060283622226101
2058.0,2.391712011623543,6.060587110110751
2059.0,2.390856158418915,6.060889754000833
2060.0,2.3900002568770016,6.061191556034843
2061.0,2.3891443058689616,6.061492518344532
2062.0,2.3882883042699037,6.061792643054943
2063.0,2.3874322509588635,6.0620919322844395
2064.0,2.3865761448187857,6.06239038814474
2065.0,2.3857199847365034,6.06268801274095
2066.0,2.3848637696027195,6.062984808171594
2067.0,2.3840074983119877,6.063280776528646
2068.0,2.3831511697626926,6.063575919897563
2069.0,2.382294782857032,6.063870240357314
2070.0,2.3814383365009966,6.064163739980415
2071.0,2.3805818296043526,6.064456420832957
2072.0,2.379725261080622,6.064748284974635
2073.0,2.3788686298470654,6.065039334458782
2074.0,2.378011934824662,6.0653295713324
2075.0,2.377155174938093,6.065618997636187
2076.0,2.3762983491157224,6.0659076154045675
2077.0,2.3754414562895794,6.066195426665726
2078.0,2.3745844953953408,6.0664824334416325
2079.0,2.3737274653723124,6.066768637748072
2080.0,2.3728703651634118,6.067054041594678
2081.0,2.372013193715152,6.067338646984956
2082.0,2.371155949977621,6.067622455916317
2083.0,2.370298632904468,6.067905470380105
2084.0,2.369441241452884,6.068187692361624
2085.0,2.3685837745835854,6.068469123840167
2086.0,2.367726231260796,6.068749766789045
2087.0,2.3668686104522316,6.069029623175616
2088.0,2.3660109111290826,6.069308694961308
2089.0,2.365153132265997,6.0695869841016545
2090.0,2.364295272841064,6.069864492546315
2091.0,2.3634373318357986,6.070141222239105
2092.0,2.362579308235123,6.070417175118025
2093.0,2.361721201027352,6.070692353115285
2094.0,2.3608630092041767,6.07096675815733
2095.0,2.360004731760648,6.071240392164873
2096.0,2.3591463676951614,6.0715132570529144
2097.0,2.3582879160094397,6.071785354730771
2098.0,2.3574293757085187,6.072056687102105
2099.0,2.3565707458007306,6.072327256064945
2100.0,2.355712025297689,6.072597063511716
2101.0,2.354853213214273,6.072866111329263
2102.0,2.353994308568613,6.073134401398877
2103.0,2.3531353103820734,6.073401935596322
2104.0,2.3522762176792384,6.073668715791856
2105.0,2.351417029487898,6.073934743850262
2106.0,2.3505577448390316,6.074200021630867
2107.0,2.349698362766793,6.074464550987574
2108.0,2.348838882308497,6.074728333768877
2109.0,2.3479793025046036,6.0749913718178945
2110.0,2.347119622398703,6.07525366697239
2111.0,2.3462598410375017,6.075515221064795
2112.0,2.345399957470809,6.075776035922236
2113.0,2.3445399707515207,6.076036113366556
2114.0,2.3436798799356064,6.076295455214341
2115.0,2.342819684082094,6.076554063276938
2116.0,2.341959382253057,6.076811939360487
2117.0,2.341098973513599,6.077069085265938
2118.0,2.3402384569318424,6.0773255027890745
2119.0,2.3393778315789104,6.07758119372054
2120.0,2.338517096528917,6.077836159845859
2121.0,2.3376562508589513,6.078090402945459
2122.0,2.336795293649065,6.0783439247946935
2123.0,2.3359342239822585,6.078596727163867
2124.0,2.335073040944467,6.078848811818253
2125.0,2.3342117436245475,6.079100180518122
2126.0,2.3333503311142665,6.079350835018756
2127.0,2.3324888025082853,6.079600777070479
2128.0,2.3316271569041476,6.079850008418672
2129.0,2.3307653934022663,6.0800985308038
2130.0,2.329903511105911,6.080346345961428
2131.0,2.329041509121195,6.080593455622249
2132.0,2.328179386557062,6.080839861512098
2133.0,2.327317142525273,6.081085565351982
2134.0,2.3264547761403964,6.0813305688580925
2135.0,2.3255922865197918,6.081574873741832
2136.0,2.3247296727835995,6.081818481709832
2137.0,2.3238669340547284,6.082061394463977
2138.0,2.3230040694588427,6.082303613701422
2139.0,2.32214107812435,6.082545141114613
2140.0,2.3212779591823884,6.08278597839131
2141.0,2.3204147117668166,6.0830261272146045
2142.0,2.319551335014199,6.083265589262942
2143.0,2.3186878280637964,6.083504366210141
2144.0,2.3178241900575514,6.083742459725411
2145.0,2.316960420140079,6.083979871473375
2146.0,2.3160965174586536,6.084216603114089
2147.0,2.3152324811631972,6.0844526563030605
2148.0,2.3143683104062687,6.084688032691268
2149.0,2.3135040043430513,6.084922733925182
2150.0,2.312639562131342,6.085156761646779
2151.0,2.311774982931539,6.085390117493569
2152.0,2.3109102659066325,6.085622803098607
2153.0,2.3100454102221906,6.085854820090517
2154.0,2.3091804150463497,6.086086170093506
2155.0,2.308315279549804,6.0863168547273885
2156.0,2.3074500029057927,6.086546875607598
2157.0,2.30658458429009,6.086776234345214
2158.0,2.3057190228809947,6.0870049325469715
2159.0,2.3048533178593176,6.087232971815285
2160.0,2.3039874684083728,6.087460353748266
2161.0,2.303121473713965,6.08768707993974
2162.0,2.3022553329643802,6.087913151979262
2163.0,2.3013890453503745,6.0881385714521405
2164.0,2.3005226100651637,6.088363339939449
2165.0,2.299656026304412,6.088587459018047
2166.0,2.298789293266223,6.088810930260598
2167.0,2.2979224101511284,6.089033755235583
2168.0,2.2970553761620778,6.089255935507324
2169.0,2.296188190504428,6.089477472635994
2170.0,2.2953208523859345,6.089698368177641
2171.0,2.294453361016739,6.089918623684199
2172.0,2.2935857156093604,6.090138240703512
2173.0,2.292717915378686,6.090357220779342
2174.0,2.291849959541959,6.0905755654513944
2175.0,2.2909818473187706,6.090793276255328
2176.0,2.2901135779310495,6.091010354722774
2177.0,2.2892451506030524,6.091226802381354
2178.0,2.288376564561353,6.091442620754696
2179.0,2.287507819034835,6.091657811362448
2180.0,2.2866389132546785,6.091872375720296
2181.0,2.2857698464543543,6.09208631533998
2182.0,2.2849006178696127,6.092299631729311
2183.0,2.2840312267384735,6.092512326392185
2184.0,2.283161672301217,6.0927244008286
2185.0,2.282291953800376,6.0929358565346705
2186.0,2.281422070480724,6.093146695002646
2187.0,2.2805520215892683,6.0933569177209215
2188.0,2.279681806375239,6.09356652617406
2189.0,2.278811424090082,6.093775521842801
2190.0,2.277940873987447,6.09398390620408
2191.0,2.2770701553231807,6.094191680731043
2192.0,2.2761992673553175,6.094398846893058
2193.0,2.2753282093440697,6.094605406155737
2194.0,2.274456980551819,6.094811359980945
2195.0,2.273585580243109,6.095016709826816
2196.0,2.2727140076846335,6.095221457147772
2197.0,2.2718422621452308,6.09542560339453
2198.0,2.2709703428958727,6.095629150014125
2199.0,2.2700982492096577,6.095832098449918
2200.0,2.2692259803618016,6.096034450141614
2201.0,2.268353535629628,6.096236206525274
2202.0,2.267480914292562,6.0964373690333336
2203.0,2.2666081156321196,6.096637939094611
2204.0,2.2657351389319005,6.096837918134327
2205.0,2.264861983477579,6.097037307574113
2206.0,2.2639886485568974,6.097236108832033
2207.0,2.2631151334596553,6.09743432332259
2208.0,2.2622414374777033,6.097631952456743
2209.0,2.261367559904934,6.09782899764192
2210.0,2.2604935000372732,6.0980254602820345
2211.0,2.259619257172674,6.098221341777495
2212.0,2.2587448306111066,6.09841664352522
2213.0,2.2578702196545515,6.098611366918653
2214.0,2.256995423606991,6.098805513347773
2215.0,2.256120441774402,6.09899908419911
2216.0,2.2552452734647472,6.099192080855759
2217.0,2.254369917987968,6.099384504697389
2218.0,2.253494374655976,6.099576357100262
2219.0,2.2526186427826462,6.099767639437241
2220.0,2.2517427216838097,6.099958353077804
2221.0,2.250866610677244,6.10014849938806
2222.0,2.249990309082668,6.100338079730756
2223.0,2.2491138162217315,6.1005270954652975
2224.0,2.2482371314180107,6.100715547947753
2225.0,2.247360253996999,6.100903438530873
2226.0,2.2464831832861,6.101090768564097
2227.0,2.2456059186146202,6.101277539393572
2228.0,2.244728459313761,6.10146375236216
2229.0,2.243850804716613,6.101649408809452
2230.0,2.2429729541581467,6.101834510071781
2231.0,2.2420949069752067,6.102019057482232
2232.0,2.241216662506504,6.102203052370657
2233.0,2.240338220092609,6.102386496063686
2234.0,2.239459579075944,6.102569389884737
2235.0,2.2385807388007772,6.10275173515403
2236.0,2.2377016986132143,6.102933533188597
2237.0,2.2368224578611926,6.103114785302299
2238.0,2.235943015894473,6.10329549280583
2239.0,2.235063372064635,6.103475657006734
2240.0,2.234183525725067,6.1036552792094145
2241.0,2.2333034762309616,6.103834360715147
2242.0,2.2324232229393086,6.10401290282209
2243.0,2.2315427652088875,6.104190906825296
2244.0,2.2306621024002613,6.104368374016723
2245.0,2.229781233875769,6.104545305685249
2246.0,2.2289001589995205,6.104721703116676
2247.0,2.2280188771373886,6.104897567593747
2248.0,2.227137387657003,6.1050729003961575
2249.0,2.2262556899277435,6.105247702800562
2250.0,2.2253737833207334,6.105421976080589
2251.0,2.224491667208834,6.105595721506849
2252.0,2.223609340966637,6.105768940346949
2253.0,2.2227268039704584,6.105941633865499
2254.0,2.2218440555983325,6.106113803324127
2255.0,2.220961095230005,6.106285449981485
2256.0,2.2200779222469276,6.106456575093264
2257.0,2.21919453603225,6.106627179912203
2258.0,2.218310935970816,6.1067972656880976
2259.0,2.217427121449156,6.106966833667813
2260.0,2.2165430918554803,6.1071358850952935
2261.0,2.215658846579674,6.107304421211573
2262.0,2.2147743850132904,6.107472443254785
2263.0,2.213889706549545,6.107639952460174
2264.0,2.21300481058331,6.107806950060102
2265.0,2.2121196965111074,6.107973437284064
2266.0,2.211234363731103,6.1081394153586945
2267.0,2.210348811643102,6.108304885507778
2268.0,2.209463039648541,6.108469848952259
2269.0,2.208577047150483,6.108634306910254
2270.0,2.207690833553613,6.108798260597058
2271.0,2.2068043982642296,6.108961711225155
2272.0,2.2059177406902406,6.109124660004231
2273.0,2.2050308602411577,6.1092871081411815
2274.0,2.2041437563280897,6.109449056840118
2275.0,2.2032564283637375,6.109610507302383
2276.0,2.2023688757623883,6.109771460726558
2277.0,2.2014810979399093,6.109931918308469
2278.0,2.2005930943137435,6.1100918812412015
2279.0,2.199704864302903,6.110251350715107
2280.0,2.198816407327964,6.110410327917812
2281.0,2.1979277228110607,6.11056881403423
2282.0,2.19703881017588,6.110726810246567
2283.0,2.196149668847657,6.110884317734334
2284.0,2.195260298253168,6.111041337674354
2285.0,2.1943706978207267,6.111197871240772
2286.0,2.193480866980177,6.111353919605063
2287.0,2.1925908051628897,6.111509483936043
2288.0,2.1917005118017556,6.111664565399877
2289.0,2.190809986331181,6.111819165160087
2290.0,2.189919228187082,6.111973284377562
2291.0,2.1890282368068794,6.112126924210567
2292.0,2.188137011629494,6.112280085814748
2293.0,2.187245552095341,6.112432770343149
2294.0,2.1863538576463237,6.112584978946213
2295.0,2.1854619277258314,6.112736712771793
2296.0,2.1845697617787314,6.112887972965161
2297.0,2.1836773592513645,6.113038760669016
2298.0,2.1827847195915413,6.1131890770234945
2299.0,2.181891842248536,6.113338923166175
2300.0,2.1809987266730815,6.113488300232092
