t,H,L
0.0,2.18,4.44
1.0,2.1785496874103973,4.443555222635156
2.0,2.1771158617529127,4.447081822657184
3.0,2.1756982045924946,4.450580310606836
4.0,2.1742964064792916,4.45405118334101
5.0,2.172910166615794,4.457494924520395
6.0,2.171539192539194,4.460912005075505
7.0,2.1701831998181373,4.464302883652233
8.0,2.1688419117630913,4.46766800703802
9.0,2.1675150591496073,4.471007810569619
10.0,2.1662023799537944,4.474322718523427
11.0,2.164903619099364,4.477613144489257
12.0,2.1636185282156473,4.480879491728392
13.0,2.1623468654060183,4.484122153516718
14.0,2.1610883950261917,4.487341513473661
15.0,2.1598428874718985,4.490537945877651
16.0,2.1586101189754636,4.493711815968748
17.0,2.1573898714108473,4.496863480239074
18.0,2.1561819321067284,4.49999328671162
19.0,2.1549860936672394,4.503101575207999
20.0,2.153802153799976,4.506188677605658
21.0,2.1526299151509374,4.509254918085044
22.0,2.151469185146059,4.512300613367201
23.0,2.15031977583903,4.515326072942231
24.0,2.149181503765097,4.518331599289042
25.0,2.1480541898005754,4.521317488086784
26.0,2.146937659027801,4.524284028418339
27.0,2.145831740605277,4.527231502966231
28.0,2.1447362676427724,4.530160188201285
29.0,2.143651077081154,4.533070354564368
30.0,2.142576009576733,4.535962266641492
31.0,2.141510909389929,4.5388361833326
32.0,2.1404556242780566,4.541692358014277
33.0,2.1394100053920573,4.54453103869667
34.0,2.1383739071769994,4.547352468174844
35.0,2.137347187276186,4.55015688417483
36.0,2.1363297064387132,4.5529445194945675
37.0,2.135321328430335,4.555715602139973
38.0,2.134321919947488,4.558470355456316
39.0,2.1333313505343465,4.561208998255118
40.0,2.132349492502786,4.563931744936739
41.0,2.1313762208551212,4.566638805608831
42.0,2.1304114132095155,4.569330386200836
43.0,2.12945494972795,4.5720066885746675
44.0,2.1285067130466406,4.574667910631748
45.0,2.1275665882088153,4.577314246416522
46.0,2.126634462599746,4.579945886216613
47.0,2.125710225883954,4.582563016659725
48.0,2.1247937699444925,4.585165820807429
49.0,2.1238849888242375,4.587754478245968
50.0,2.122983778669094,4.590329165174157
51.0,2.1220900376730563,4.592890054488531
52.0,2.1212036660250377,4.595437315865811
53.0,2.120324565857414,4.597971115842811
54.0,2.119452641196205,4.600491617893866
55.0,2.11858779791284,4.602998982505882
56.0,2.1177299436774413,4.6054933672510945
57.0,2.116878987913571,4.607974926857612
58.0,2.11603484175439,4.610443813277833
59.0,2.1151974180001694,4.612900175754815
60.0,2.1143666310771114,4.6153441608866554
61.0,2.11354239699743,4.617775912688971
62.0,2.1127246333206426,4.620195572655533
63.0,2.111913259116033,4.62260327981713
64.0,2.11110819492624,4.624999170798714
65.0,2.110309362731933,4.6273833798748925
66.0,2.1095166859175394,4.629756039023827
67.0,2.1087300892379783,4.632117277979586
68.0,2.1079494987863745,4.634467224283012
69.0,2.107174841962711,4.636806003331145
70.0,2.1064060474433934,4.639133738425268
71.0,2.1056430451516888,4.641450550817592
72.0,2.1048857662290157,4.643756559756662
73.0,2.1041341430070513,4.646051882531491
74.0,2.103388108980628,4.648336634514494
75.0,2.102647598781396,4.650610929203238
76.0,2.101912548152226,4.652874878261068
77.0,2.1011828939223194,4.655128591556623
78.0,2.1004585739830177,4.657372177202298
79.0,2.099739527264272,4.659605741591673
80.0,2.0990256937117606,4.661829389435953
81.0,2.0983170142646332,4.664043223799431
82.0,2.0976134308338543,4.666247346134033
83.0,2.096914886281136,4.668441856312948
84.0,2.096221324398434,4.670626852663389
85.0,2.095532689887991,4.672802431998501
86.0,2.0948489283429135,4.674968689648449
87.0,2.0941699862282572,4.677125719490711
88.0,2.0934958108626143,4.6792736139795945
89.0,2.0928263504001805,4.6814124641750094
90.0,2.092161553813288,4.68354235977051
91.0,2.0915013708753936,4.685663389120636
92.0,2.090845752144501,4.68777563926757
93.0,2.0901946489470133,4.689879195967131
94.0,2.0895480133619913,4.691974143714129
95.0,2.0889057982058166,4.69406056576709
96.0,2.088267957017239,4.696138544172384
97.0,2.0876344440428007,4.698208159787753
98.0,2.087005214222625,4.700269492305282
99.0,2.086380223176557,4.702322620273808
100.0,2.08575942719065,4.704367621120792
101.0,2.085142783203983,4.706404571173668
102.0,2.0845302487958017,4.708433545680693
103.0,2.0839217821729754,4.710454618831286
104.0,2.083317342157754,4.712467863775908
105.0,2.082716888175826,4.714473352645462
106.0,2.0821203802446586,4.716471156570247
107.0,2.081527778962124,4.71846134569847
108.0,2.0809390454953887,4.720443989214334
109.0,2.0803541415700715,4.7224191553557
110.0,2.079773029459656,4.72438691143136
111.0,2.0791956719751528,4.7263473238379
112.0,2.078622032455001,4.728300458076198
113.0,2.0780520747552087,4.730246378767532
114.0,2.077485763239717,4.732185149669338
115.0,2.076923062770992,4.734116833690612
116.0,2.076363938700828,4.7360414929069705
117.0,2.075808356861365,4.737959188575371
118.0,2.0752562835563055,4.739869981148518
119.0,2.074707685552337,4.74177393028894
120.0,2.0741625300707427,4.7436710948827745
121.0,2.0736207847792016,4.745561533053234
122.0,2.073082417783775,4.747445302173797
123.0,2.072547397621067,4.749322458881104
124.0,2.0720156932505622,4.75119305908758
125.0,2.071487274047131,4.753057157993786
126.0,2.070962109793699,4.754914810100509
127.0,2.0704401706740794,4.756766069220592
128.0,2.069921427265957,4.75861098849052
129.0,2.0694058505340305,4.760449620381754
130.0,2.0688934118232964,4.762282016711839
131.0,2.068384082852482,4.7641082286552665
132.0,2.0678778357076184,4.765928306754123
133.0,2.067374642835747,4.767742300928514
134.0,2.0668744770387653,4.769550260486772
135.0,2.0663773114673982,4.771352234135457
136.0,2.065883119615299,4.773148269989153
137.0,2.065391875313272,4.7749384155800625
138.0,2.064903552723618,4.776722717867413
139.0,2.064418126334596,4.778501223246665
140.0,2.063935570954999,4.780273977558543
141.0,2.0634558617088445,4.782041026097879
142.0,2.0629789740301714,4.783802413622288
143.0,2.0625048836579443,4.785558184360662
144.0,2.062033566631061,4.787308382021503
145.0,2.0615649992834646,4.7890530498010895
146.0,2.0610991582393483,4.7907922303914825
147.0,2.0606360204084635,4.792525965988375
148.0,2.060175562981517,4.794254298298792
149.0,2.059717763425663,4.795977268548636
150.0,2.0592625994800846,4.797694917490091
151.0,2.0588100491516603,4.799407285408881
152.0,2.05836009071072,4.801114412131395
153.0,2.0579127026868806,4.802816337031668
154.0,2.057467863864968,4.804513099038238
155.0,2.0570255532810133,4.806204736640864
156.0,2.0565857502183307,4.807891287897127
157.0,2.0561484342036698,4.809572790438899
158.0,2.0557135850034425,4.8112492814786965
159.0,2.055281182620022,4.812920797815909
160.0,2.054851207288115,4.8145873758429225
161.0,2.0544236394711985,4.816249051551117
162.0,2.05399845985803,4.817905860536763
163.0,2.0535756493592174,4.819557838006806
164.0,2.0531551891038613,4.8212050187845445
165.0,2.0527370604362534,4.822847437315207
166.0,2.05232124491264,4.824485127671424
167.0,2.0519077242980464,4.826118123558605
168.0,2.051496480563159,4.8277464583202185
169.0,2.0510874958812644,4.8293701649429694
170.0,2.0506807526252495,4.830989276061897
171.0,2.0502762333646496,4.832603823965368
172.0,2.049873920862757,4.834213840599994
173.0,2.0494737980737794,4.835819357575452
174.0,2.0490758481400495,4.837420406169222
175.0,2.0486800543892874,4.839017017331246
176.0,2.0482864003319103,4.8406092216885
177.0,2.0478948696583927,4.842197049549491
178.0,2.0475054462366713,4.843780530908669
179.0,2.047118114109599,4.845359695450769
180.0,2.046732857492442,4.846934572555076
181.0,2.0463496607704235,4.8485051912996155
182.0,2.045968508496309,4.850071580465271
183.0,2.0455893853880345,4.8516337685398385
184.0,2.045212276326378,4.853191783721999
185.0,2.044837166352669,4.854745653925238
186.0,2.0444640406665404,4.856295406781686
187.0,2.044092884623718,4.857841069645904
188.0,2.043723683733849,4.859382669598599
189.0,2.0433564236583677,4.860920233450281
190.0,2.0429910902083983,4.8624537877448555
191.0,2.0426276693426937,4.8639833587631625
192.0,2.0422661471656074,4.865508972526448
193.0,2.0419065099251044,4.867030654799786
194.0,2.041548744010801,4.86854843109544
195.0,2.041192835952042,4.87006232667617
196.0,2.0408387724160058,4.871572366558486
197.0,2.0404865402058463,4.8730785755158506
198.0,2.0401361262588624,4.874580978081823
199.0,2.039787517644699,4.876079598553158
200.0,2.0394407015635796,4.877574460992856
201.0,2.0390956653445635,4.879065589233159
202.0,2.038752396443839,4.880553006878499
203.0,2.0384108824430385,4.882036737308403
204.0,2.0380711110475827,4.883516803680352
205.0,2.0377330700850558,4.884993228932588
206.0,2.0373967475036014,4.886466035786886
207.0,2.0370621313703485,4.887935246751271
208.0,2.0367292098698617,4.889400884122703
209.0,2.0363979713026166,4.8908629699897155
210.0,2.0360684040834998,4.89232152623501
211.0,2.0357404967403325,4.893776574538015
212.0,2.0354142379124194,4.895228136377403
213.0,2.0350896163491172,4.896676233033566
214.0,2.0347666209084307,4.898120885591059
215.0,2.0344452405556273,4.8995621149409985
216.0,2.034125464361875,4.900999941783431
217.0,2.0338072815029027,4.902434386629662
218.0,2.0334906812576787,4.903865469804547
219.0,2.0331756530071137,4.905293211448753
220.0,2.0328621862327805,4.9067176315209835
221.0,2.0325502705156557,4.908138749800169
222.0,2.032239895534881,4.909556585887622
223.0,2.031931051066543,4.9109711592091685
224.0,2.0316237269824717,4.912382489017237
225.0,2.031317913249057,4.913790594392925
226.0,2.0310135999260854,4.915195494248026
227.0,2.0307107771655932,4.9165972073270385
228.0,2.030409435210736,4.917995752209132
229.0,2.030109564394677,4.919391147310091
230.0,2.029811155139493,4.920783410884235
231.0,2.029514197955093,4.922172561026298
232.0,2.0292186834381583,4.923558615673293
233.0,2.0289246022710943,4.924941592606339
234.0,2.0286319452210004,4.926321509452471
235.0,2.0283407031386544,4.927698383686417
236.0,2.0280508669575115,4.929072232632352
237.0,2.0277624276927195,4.930443073465625
238.0,2.0274753764401483,4.9318109232144645
239.0,2.0271897043754317,4.933175798761655
240.0,2.026905402753026,4.934537716846196
241.0,2.026622462905282,4.9358966940649305
242.0,2.026340876241527,4.937252746874153
243.0,2.0260606342471674,4.938605891591197
244.0,2.0257817284827957,4.939956144395999
245.0,2.0255041505833176,4.941303521332636
246.0,2.025227892257088,4.94264803831085
247.0,2.0249529452850594,4.943989711107542
248.0,2.024679301519946,4.9453285553682536
249.0,2.0244069528853936,4.9466645866086205
250.0,2.0241358913751695,4.947997820215811
251.0,2.023866109052355,4.949328271449943
252.0,2.0235975980485574,4.950655955445481
253.0,2.0233303505631275,4.951980887212614
254.0,2.0230643588623916,4.953303081638615
255.0,2.0227996152788923,4.954622553489182
256.0,2.022536112210641,4.95593931740976
257.0,2.0222738421203803,4.957253387926843
258.0,2.022012797534858,4.958564779449267
259.0,2.0217529710441084,4.9598735062694725
260.0,2.021494355300748,4.961179582564761
261.0,2.021236943019276,4.962483022398528
262.0,2.020980726975388,4.963783839721483
263.0,2.0207257000052987,4.9650820483728495
264.0,2.0204718550050713,4.966377662081556
265.0,2.0202191849299607,4.967670694467404
266.0,2.0199676827937605,4.96896115904222
267.0,2.019717341668163,4.970249069211
268.0,2.019468154682126,4.971534438273035
269.0,2.0192201150212488,4.9728172794230145
270.0,2.018973215927156,4.974097605752127
271.0,2.0187274506968906,4.975375430249141
272.0,2.018482812682314,4.976650765801469
273.0,2.018239295289515,4.977923625196222
274.0,2.017996891978227,4.97919402112125
275.0,2.017755596261252,4.9804619661661675
276.0,2.0175154017038928,4.981727472823363
277.0,2.017276301923393,4.982990553489002
278.0,2.017038290588383,4.984251220464014
279.0,2.0168013614183367,4.985509485955062
280.0,2.0165655081830303,4.98676536207551
281.0,2.0163307247020135,4.988018860846367
282.0,2.016097004844083,4.989269994197228
283.0,2.015864342526768,4.990518773967198
284.0,2.0156327317158156,4.991765211905804
285.0,2.0154021664246895,4.9930093196739005
286.0,2.0151726407140718,4.994251108844558
287.0,2.014944148691372,4.99549059090394
288.0,2.014716684510242,4.996727777252179
289.0,2.0144902423700977,4.997962679204226
290.0,2.0142648165156465,4.999195307990703
291.0,2.014040401236421,5.000425674758737
292.0,2.0138169908663195,5.001653790572783
293.0,2.0135945797831507,5.002879666415449
294.0,2.0133731624081848,5.004103313188292
295.0,2.0131527332057115,5.005324741712618
296.0,2.0129332866826015,5.00654396273027
297.0,2.012714817387876,5.007760986904401
298.0,2.012497319912279,5.008975824820242
299.0,2.0122807888878573,5.010188486985859
300.0,2.0120652189875434,5.011398983832905
301.0,2.011850604924746,5.0126073257173545
302.0,2.0116369414529456,5.013813522920236
303.0,2.0114242233652906,5.015017585648354
304.0,2.0112124454942055,5.016219524035002
305.0,2.011001602710999,5.017419348140664
306.0,2.0107916899254774,5.0186170679537145
307.0,2.010582702085565,5.019812693391104
308.0,2.010374634176927,5.021006234299036
309.0,2.0101674812225983,5.022197700453643
310.0,2.009961238282616,5.023387101561647
311.0,2.0097559004536567,5.024574447261014
312.0,2.009551462868679,5.025759747121605
313.0,2.0093479206965688,5.026943010645813
314.0,2.0091452691417904,5.028124247269196
315.0,2.00894350344404,5.029303466361105
316.0,2.0087426188779065,5.030480677225296
317.0,2.008542610752532,5.0316558891005485
318.0,2.00834347441128,5.032829111161261
319.0,2.0081452052314073,5.0340003525180546
320.0,2.0079477986237366,5.035169622218356
321.0,2.0077512500323373,5.036336929246985
322.0,2.007555554934207,5.037502282526728
323.0,2.0073607088389585,5.0386656909189105
324.0,2.0071667072885084,5.039827163223956
325.0,2.0069735458567726,5.040986708181944
326.0,2.006781220149363,5.0421443344731625
327.0,2.006589725803287,5.0433000507186465
328.0,2.0063990584866547,5.044453865480722
329.0,2.0062092138983836,5.045605787263531
330.0,2.0060201877679122,5.046755824513562
331.0,2.0058319758549135,5.047903985620169
332.0,2.005644573949013,5.049050278916082
333.0,2.00545797786951,5.050194712677916
334.0,2.005272183465103,5.051337295126677
335.0,2.0050871866136144,5.052478034428255
336.0,2.004902983221725,5.053616938693913
337.0,2.0047195692247044,5.0547540159807784
338.0,2.0045369405861506,5.05588927429232
339.0,2.0043550932977285,5.0570227215788215
340.0,2.004174023378913,5.058154365737853
341.0,2.003993726876734,5.0592842146147365
342.0,2.003814199865526,5.060412276003001
343.0,2.003635438446681,5.061538557644843
344.0,2.003457438748398,5.0626630672315684
345.0,2.003280196925447,5.063785812404043
346.0,2.0031037091589217,5.064906800753129
347.0,2.0029279716560078,5.066026039820121
348.0,2.0027529806497446,5.067143537097175
349.0,2.0025787323987947,5.068259300027734
350.0,2.002405223187213,5.069373336006947
351.0,2.002232449324221,5.070485652382091
352.0,2.002060407143982,5.071596256452976
353.0,2.0018890930053765,5.072705155472354
354.0,2.0017185032917877,5.073812356646325
355.0,2.00154863441088,5.074917867134731
356.0,2.0013794827943854,5.076021694051556
357.0,2.001211044897892,5.077123844465309
358.0,2.0010433172006334,5.0782243253994155
359.0,2.00087629620528,5.079323143832598
360.0,2.000709978437736,5.080420306699253
361.0,2.0005443604469315,5.081515820889824
362.0,2.0003794388046274,5.082609693251174
363.0,2.000215210105212,5.083701930586951
364.0,2.0000516709655067,5.084792539657946
365.0,1.999888818024569,5.0858815271824565
366.0,1.9997266479435027,5.08696889983664
367.0,1.9995651574052655,5.088054664254861
368.0,1.9994043431144817,5.0891388270300455
369.0,1.9992442017972554,5.090221394714017
370.0,1.9990847302009862,5.0913023738178405
371.0,1.9989259250941867,5.0923817708121595
372.0,1.998767783266302,5.0934595921275285
373.0,1.9986103015275314,5.09453584415474
374.0,1.9984534767086513,5.095610533245156
375.0,1.9982973056608409,5.0966836657110255
376.0,1.9981417852555088,5.097755247825807
377.0,1.9979869123841223,5.098825285824485
378.0,1.9978326839580376,5.099893785903881
379.0,1.9976790969083325,5.100960754222967
380.0,1.9975261481856408,5.102026196903169
381.0,1.9973738347599876,5.1030901200286705
382.0,1.997222153620628,5.104152529646716
383.0,1.997071101775885,5.105213431767907
384.0,1.996920676252992,5.106272832366495
385.0,1.9967708740979342,5.107330737380677
386.0,1.9966216923752935,5.1083871527128775
387.0,1.9964731281680943,5.109442084230043
388.0,1.9963251785776508,5.110495537763919
389.0,1.9961778407234165,5.11154751911133
390.0,1.996031111742834,5.11259803403446
391.0,1.9958849887911878,5.113647088261124
392.0,1.9957394690414578,5.114694687485043
393.0,1.9955945496841738,5.11574083736611
394.0,1.995450227927273,5.116785543530659
395.0,1.9953065009959574,5.1178288115717265
396.0,1.9951633661325536,5.118870647049315
397.0,1.9950208205963733,5.1199110554906495
398.0,1.9948788616635762,5.120950042390437
399.0,1.9947374866270333,5.1219876132111155
400.0,1.994596692796192,5.123023773383109
401.0,1.9944564774969427,5.124058528305077
402.0,1.9943168380714862,5.1250918833441546
403.0,1.994177771878203,5.126123843836204
404.0,1.9940392762915238,5.127154415086053
405.0,1.993901348701801,5.128183602367731
406.0,1.9937639865151813,5.129211410924711
407.0,1.993627187153481,5.130237845970142
408.0,1.9934909480540604,5.131262912687083
409.0,1.9933552666697005,5.132286616228728
410.0,1.993220140468482,5.133308961718642
411.0,1.9930855669336627,5.134329954250981
412.0,1.9929515435635592,5.135349598890715
413.0,1.9928180678714278,5.136367900673856
414.0,1.9926851373853474,5.13738486460767
415.0,1.9925527496481024,5.138400495670898
416.0,1.992420902217069,5.139414798813972
417.0,1.9922895926640996,5.140427778959226
418.0,1.9921588185754115,5.1414394410011095
419.0,1.9920285775514741,5.142449789806394
420.0,1.9918988672068985,5.143458830214382
421.0,1.9917696851703277,5.144466567037115
422.0,1.9916410290843285,5.14547300505957
423.0,1.991512896605283,5.146478149039867
424.0,1.9913852854032836,5.1474820037094675
425.0,1.991258193162026,5.148484573773372
426.0,1.9911316175787053,5.149485863910313
427.0,1.991005556363913,5.1504858787729555
428.0,1.990880007241534,5.151484622988082
429.0,1.990754967948645,5.15248210115679
430.0,1.990630436235414,5.153478317854674
431.0,1.9905064098650012,5.154473277632019
432.0,1.9903828866134596,5.155466985013982
433.0,1.990259864269638,5.156459444500776
434.0,1.9901373406350835,5.157450660567854
435.0,1.9900153135239458,5.158440637666086
436.0,1.9898937807628827,5.159429380221942
437.0,1.9897727401909653,5.160416892637667
438.0,1.9896521896595853,5.161403179291453
439.0,1.9895321270323623,5.162388244537619
440.0,1.9894125501850521,5.163372092706779
441.0,1.989293457005457,5.164354728106016
442.0,1.989174845393335,5.165336155019046
443.0,1.989056713260311,5.166316377706393
444.0,1.988939058529789,5.167295400405549
445.0,1.9888218791368648,5.168273227331141
446.0,1.9887051730282388,5.169249862675094
447.0,1.9885889381621311,5.170225310606793
448.0,1.9884731725081959,5.171199575273245
449.0,1.9883578740474377,5.172172660799233
450.0,1.9882430407721279,5.173144571287479
451.0,1.9881286706857217,5.174115310818799
452.0,1.9880147618027768,5.175084883452252
453.0,1.9879013121488718,5.1760532932253005
454.0,1.9877883197605264,5.177020544153961
455.0,1.9876757826851208,5.17798664023295
456.0,1.9875636989808176,5.17895158543584
457.0,1.987452066716483,5.179915383715203
458.0,1.9873408839716096,5.180878039002758
459.0,1.9872301488362394,5.181839555209518
460.0,1.9871198594108879,5.182799936225931
461.0,1.987010013806468,5.183759185922027
462.0,1.9869006101442157,5.184717308147559
463.0,1.9867916465556161,5.185674306732138
464.0,1.98668312118233,5.18663018548538
465.0,1.98657503217612,5.187584948197039
466.0,1.9864673776987798,5.1885385986371455
467.0,1.9863601559220618,5.189491140556142
468.0,1.9862533650276066,5.190442577685017
469.0,1.9861470032068727,5.19139291373544
470.0,1.9860410686610663,5.19234215239989
471.0,1.9859355596010733,5.193290297351791
472.0,1.98583047424739,5.19423735224564
473.0,1.9857258108300555,5.195183320717135
474.0,1.9856215675885849,5.196128206383303
475.0,1.985517742771902,5.1970720128426295
476.0,1.9854143346382738,5.19801474367518
477.0,1.9853113414552446,5.198956402442725
478.0,1.9852087614995717,5.199896992688868
479.0,1.9851065930571603,5.2008365179391625
480.0,1.9850048344230002,5.201774981701235
481.0,1.9849034839011024,5.202712387464909
482.0,1.9848025398044364,5.203648738702318
483.0,1.9847020004548683,5.204584038868029
484.0,1.984601864183099,5.205518291399157
485.0,1.9845021293286027,5.206451499715483
486.0,1.9844027942395674,5.207383667219569
487.0,1.984303857272834,5.208314797296872
488.0,1.984205316793837,5.209244893315858
489.0,1.9841071711765454,5.210173958628114
490.0,1.9840094188034045,5.211101996568461
491.0,1.9839120580652776,5.212029010455062
492.0,1.9838150873613885,5.212955003589535
493.0,1.9837185050992647,5.21387997925706
494.0,1.9836223096946806,5.214803940726487
495.0,1.9835264995716015,5.215726891250443
496.0,1.9834310731621285,5.216648834065442
497.0,1.9833360289064423,5.2175697723919825
498.0,1.9832413652527494,5.218489709434659
499.0,1.9831470806572278,5.219408648382264
500.0,1.9830531735839727,5.220326592407888
501.0,1.9829596425049443,5.221243544669025
502.0,1.9828664858999137,5.222159508307672
503.0,1.9827737022564111,5.223074486450429
504.0,1.9826812900696744,5.223988482208599
505.0,1.9825892478425964,5.224901498678286
506.0,1.9824975740856743,5.225813538940496
507.0,1.9824062673169596,5.22672460606123
508.0,1.9823153260620068,5.227634703091581
509.0,1.9822247488538243,5.228543833067832
510.0,1.9821345342328245,5.22945199901155
511.0,1.982044680746775,5.2303592039296785
512.0,1.9819551869507503,5.2312654508146315
513.0,1.9818660514070827,5.232170742644387
514.0,1.9817772726853151,5.233075082382578
515.0,1.9816888493621536,5.233978472978582
516.0,1.9816007800214201,5.234880917367616
517.0,1.981513063254006,5.235782418470821
518.0,1.9814256976578253,5.236682979195354
519.0,1.9813386818377696,5.2375826024344745
520.0,1.9812520144056616,5.238481291067634
521.0,1.9811656939802107,5.23937904796056
522.0,1.9810797191869678,5.240275875965347
523.0,1.9809940886582806,5.241171777920535
524.0,1.9809088010332505,5.2420667566512
525.0,1.9808238549576875,5.242960814969036
526.0,1.980739249084068,5.24385395567244
527.0,1.9806549820714912,5.244746181546593
528.0,1.9805710525856364,5.245637495363541
529.0,1.9804874592987207,5.24652789988228
530.0,1.9804042008894576,5.247417397848837
531.0,1.980321276043014,5.248305991996345
532.0,1.9802386834509704,5.249193685045129
533.0,1.9801564218112788,5.250080479702781
534.0,1.9800744898282223,5.250966378664241
535.0,1.979992886212375,5.251851384611872
536.0,1.9799116096805616,5.252735500215541
537.0,1.9798306589558181,5.253618728132691
538.0,1.9797500327673518,5.254501071008423
539.0,1.9796697298505028,5.255382531475564
540.0,1.979589748946705,5.256263112154749
541.0,1.979510088803447,5.257142815654492
542.0,1.979430748174235,5.25802164457126
543.0,1.9793517258185547,5.258899601489544
544.0,1.9792730205018325,5.259776688981938
545.0,1.9791946309953998,5.260652909609203
546.0,1.979116556076455,5.261528265920347
547.0,1.979038794528027,5.262402760452689
548.0,1.9789613451389392,5.263276395731932
549.0,1.9788842067037726,5.264149174272233
550.0,1.9788073780228306,5.265021098576274
551.0,1.9787308579021028,5.265892171135329
552.0,1.9786546451532305,5.266762394429332
553.0,1.978578738593471,5.267631770926945
554.0,1.9785031370456627,5.268500303085629
555.0,1.978427839338191,5.269367993351705
556.0,1.9783528443049545,5.270234844160424
557.0,1.9782781507853298,5.271100857936032
558.0,1.9782037576241387,5.271966037091837
559.0,1.9781296636716146,5.2728303840302715
560.0,1.978055867783369,5.273693901142956
561.0,1.9779823688203588,5.274556590810769
562.0,1.9779091656488537,5.275418455403901
563.0,1.9778362571404031,5.276279497281927
564.0,1.977763642171805,5.277139718793863
565.0,1.9776913196250732,5.277999122278228
566.0,1.9776192883874053,5.278857710063111
567.0,1.9775475473511523,5.279715484466226
568.0,1.9774760954137867,5.2805724477949765
569.0,1.9774049314778712,5.281428602346514
570.0,1.9773340544510287,5.282283950407799
571.0,1.9772634632459112,5.28313849425566
572.0,1.9771931567801693,5.28399223615685
573.0,1.9771231339764226,5.28484517836811
574.0,1.97705339376223,5.285697323136223
575.0,1.9769839350700595,5.286548672698074
576.0,1.9769147568372587,5.287399229280704
577.0,1.9768458580060262,5.288248995101373
578.0,1.9767772375233825,5.28909797236761
579.0,1.9767088943411406,5.289946163277272
580.0,1.9766408274158782,5.2907935700186
581.0,1.976573035708909,5.291640194770273
582.0,1.9765055181862548,5.292486039701463
583.0,1.9764382738186168,5.293331106971891
584.0,1.976371301581349,5.294175398731879
585.0,1.9763046004544302,5.2950189171224045
586.0,1.9762381694224362,5.295861664275155
587.0,1.9761720074745135,5.296703642312579
588.0,1.9761061136043516,5.297544853347938
589.0,1.976040486810157,5.298385299485363
590.0,1.9759751260946266,5.299224982819901
591.0,1.9759100304649204,5.300063905437567
592.0,1.9758451989326367,5.300902069415402
593.0,1.9757806305137853,5.301739476821513
594.0,1.9757163242287619,5.302576129715132
595.0,1.9756522791023228,5.303412030146661
596.0,1.975588494163559,5.304247180157724
597.0,1.975524968445872,5.305081581781216
598.0,1.9754617009869473,5.305915237041351
599.0,1.9753986908287307,5.306748147953712
600.0,1.975335937017403,5.307580316525298
601.0,1.9752734386033566,5.308411744754572
602.0,1.9752111946411692,5.309242434631509
603.0,1.975149204189582,5.310072388137644
604.0,1.9750874663114735,5.310901607246117
605.0,1.9750259800738375,5.311730093921721
606.0,1.9749647445477587,5.312557850120949
607.0,1.974903758808389,5.313384877792037
608.0,1.974843021934925,5.314211178875015
609.0,1.9747825330105837,5.315036755301745
610.0,1.974722291122581,5.315861608995972
611.0,1.9746622953621076,5.316685741873367
612.0,1.9746025448243072,5.317509155841569
613.0,1.9745430386082536,5.318331852800234
614.0,1.9744837758169287,5.319153834641073
615.0,1.9744247555571999,5.3199751032479
616.0,1.9743659769397985,5.320795660496675
617.0,1.974307439079298,5.321615508255541
618.0,1.9742491410940919,5.322434648384876
619.0,1.9741910821063722,5.323253082737327
620.0,1.9741332612421083,5.3240708131578565
621.0,1.9740756776310258,5.324887841483784
622.0,1.974018330406585,5.325704169544826
623.0,1.9739612187059608,5.326519799163137
624.0,1.9739043416700206,5.327334732153352
625.0,1.9738476984433049,5.3281489703226255
626.0,1.9737912881740058,5.328962515470674
627.0,1.9737351100139475,5.3297753693898136
628.0,1.9736791631185653,5.330587533865001
629.0,1.973623446646886,5.331399010673873
630.0,1.9735679597615081,5.332209801586786
631.0,1.9735127016285812,5.333019908366856
632.0,1.9734576714177872,5.333829332769993
633.0,1.9734028683023201,5.334638076544945
634.0,1.9733482914588674,5.335446141433332
635.0,1.9732939400675895,5.336253529169688
636.0,1.9732398133121023,5.337060241481495
637.0,1.9731859103794565,5.337866280089223
638.0,1.9731322304601195,5.338671646706365
639.0,1.9730787727479573,5.3394763430394745
640.0,1.9730255364402145,5.340280370788205
641.0,1.9729725207374968,5.341083731645345
642.0,1.9729197248437524,5.341886427296849
643.0,1.9728671479662536,5.342688459421884
644.0,1.9728147893155787,5.343489829692857
645.0,1.9727626481055942,5.34429053977545
646.0,1.9727107235534367,5.345090591328663
647.0,1.9726590148794951,5.345889986004843
648.0,1.9726075213073933,5.346688725449718
649.0,1.9725562420639722,5.347486811302437
650.0,1.972505176379273,5.348284245195598
651.0,1.9724543234865188,5.349081028755288
652.0,1.9724036826220992,5.349877163601113
653.0,1.972353253025551,5.350672651346234
654.0,1.972303033939543,5.351467493597398
655.0,1.9722530246098586,5.352261691954975
656.0,1.9722032242853789,5.353055248012986
657.0,1.9721536322180664,5.3538481633591415
658.0,1.9721042476629482,5.354640439574871
659.0,1.9720550698781,5.355432078235354
660.0,1.9720060981246297,5.3562230809095555
661.0,1.9719573316666608,5.357013449160257
662.0,1.971908769771317,5.357803184544086
663.0,1.9718604117087057,5.358592288611553
664.0,1.9718122567519027,5.359380762907075
665.0,1.971764304176936,5.360168608969015
666.0,1.97171655326277,5.360955828329706
667.0,1.971669003291291,5.361742422515487
668.0,1.9716216535472901,5.362528393046731
669.0,1.9715745033184497,5.363313741437876
670.0,1.9715275518953268,5.3640984691974545
671.0,1.9714807985713385,5.364882577828125
672.0,1.9714342426427471,5.3656660688267
673.0,1.971387883408645,5.366448943684178
674.0,1.9713417201709393,5.367231203885772
675.0,1.9712957522343384,5.368012850910936
676.0,1.9712499789063358,5.368793886233399
677.0,1.9712043994971966,5.36957431132119
678.0,1.9711590133199428,5.370354127636669
679.0,1.9711138196903386,5.371133336636554
680.0,1.9710688179268767,5.37191193977195
681.0,1.9710240073507634,5.372689938488378
682.0,1.9709793872859054,5.3734673342258015
683.0,1.9709349570588948,5.374244128418656
684.0,1.9708907159989961,5.3750203224958755
685.0,1.970846663438132,5.375795917880919
686.0,1.9708027987108696,5.3765709159918
687.0,1.9707591211544064,5.377345318241113
688.0,1.9707156301085578,5.37811912603606
689.0,1.9706723249157425,5.378892340778477
690.0,1.9706292049209702,5.379664963864862
691.0,1.9705862694718272,5.380436996686399
692.0,1.970543517918464,5.381208440628988
693.0,1.9705009496135817,5.3819792970732685
694.0,1.9704585639124192,5.382749567394645
695.0,1.9704163601727402,5.383519252963314
696.0,1.9703743377548204,5.3842883551442915
697.0,1.9703324960214346,5.385056875297435
698.0,1.9702908343378438,5.385824814777471
699.0,1.9702493520717828,5.386592174934019
700.0,1.9702080485934477,5.3873589571116165
701.0,1.9701669232754835,5.3881251626497475
702.0,1.970125975492971,5.3888907928828615
703.0,1.9700852046234154,5.389655849140403
704.0,1.9700446100467337,5.390420332746832
705.0,1.9700041911452422,5.391184245021651
706.0,1.969963947303645,5.391947587279429
707.0,1.9699238779090213,5.392710360829823
708.0,1.9698839823508143,5.393472566977606
709.0,1.9698442600208184,5.394234207022687
710.0,1.9698047103131682,5.394995282260135
711.0,1.9697653326243265,5.395755793980205
712.0,1.9697261263530723,5.396515743468361
713.0,1.96968709090049,5.397275132005293
714.0,1.969648225669957,5.39803396086695
715.0,1.969609530067133,5.398792231324554
716.0,1.9695710034999483,5.399549944644629
717.0,1.9695326453785924,5.400307102089017
718.0,1.9694944551155031,5.401063704914909
719.0,1.9694564321253551,5.401819754374861
720.0,1.9694185758250493,5.402575251716818
721.0,1.969380885633701,5.403330198184134
722.0,1.9693433609726299,5.4040845950156
723.0,1.9693060012653483,5.404838443445456
724.0,1.9692688059375512,5.4055917447034245
725.0,1.9692317744171048,5.406344500014722
726.0,1.9691949061340366,5.407096710600086
727.0,1.9691582005205235,5.407848377675792
728.0,1.9691216570108827,5.408599502453681
729.0,1.9690852750415606,5.409350086141174
730.0,1.9690490540511218,5.410100129941297
731.0,1.9690129934802398,5.410849635052699
732.0,1.968977092771686,5.411598602669676
733.0,1.9689413513703198,5.412347033982187
734.0,1.9689057687230778,5.413094930175881
735.0,1.9688703442789646,5.41384229243211
736.0,1.9688350774890424,5.414589121927953
737.0,1.9687999678064207,5.415335419836237
738.0,1.9687650146862468,5.416081187325553
739.0,1.968730217585695,5.4168264255602825
740.0,1.9686955759639588,5.417571135700608
741.0,1.9686610892822387,5.4183153189025415
742.0,1.9686267570037344,5.419058976317938
743.0,1.968592578593634,5.419802109094518
744.0,1.968558553519105,5.4205447183758855
745.0,1.968524681249285,5.4212868053015475
746.0,1.968490961255271,5.422028371006932
747.0,1.9684573930101117,5.422769416623409
748.0,1.968423975988797,5.423509943278308
749.0,1.968390709668249,5.424249952094937
750.0,1.9683575935273125,5.424989444192599
751.0,1.968324627046747,5.425728420686616
752.0,1.9682918097092155,5.426466882688339
753.0,1.9682591409992773,5.4272048313051755
754.0,1.9682266204033783,5.427942267640602
755.0,1.9681942474098413,5.428679192794182
756.0,1.9681620215088587,5.4294156078615865
757.0,1.9681299421924818,5.43015151393461
758.0,1.9680980089546136,5.430886912101189
759.0,1.968066221290999,5.431621803445421
760.0,1.9680345786992162,5.432356189047579
761.0,1.9680030806786688,5.4330900699841305
762.0,1.9679717267305763,5.433823447327756
763.0,1.967940516357966,5.434556322147364
764.0,1.9679094490656641,5.43528869550811
765.0,1.9678785243602879,5.436020568471413
766.0,1.967847741750237,5.436751942094973
767.0,1.9678171007456844,5.437482817432785
768.0,1.9677866008585696,5.438213195535161
769.0,1.9677562416025889,5.438943077448741
770.0,1.9677260224931878,5.439672464216514
771.0,1.9676959430475531,5.440401356877833
772.0,1.9676660027846042,5.441129756468429
773.0,1.9676362012249853,5.441857664020433
774.0,1.9676065378910574,5.442585080562385
775.0,1.9675770123068905,5.443312007119258
776.0,1.9675476239982552,5.444038444712464
777.0,1.9675183724926153,5.444764394359882
778.0,1.9674892573191194,5.445489857075863
779.0,1.9674602780085937,5.446214833871253
780.0,1.967431434093534,5.446939325753407
781.0,1.9674027251080977,5.4476633337262
782.0,1.9673741505880966,5.44838685879005
783.0,1.967345710070989,5.449109901941927
784.0,1.9673174030958724,5.449832464175373
785.0,1.9672892292034754,5.450554546480513
786.0,1.9672611879361508,5.451276149844075
787.0,1.967233278837868,5.451997275249401
788.0,1.9672055014542054,5.452717923676462
789.0,1.9671778553323431,5.453438096101878
790.0,1.9671503400210557,5.454157793498926
791.0,1.967122955070705,5.4548770168375595
792.0,1.9670957000332325,5.4555957670844215
793.0,1.9670685744621526,5.456314045202859
794.0,1.967041577912545,5.457031852152938
795.0,1.9670147099410482,5.457749188891458
796.0,1.966987970105852,5.4584660563719645
797.0,1.96696135796669,5.4591824555447666
798.0,1.9669348730848337,5.459898387356947
799.0,1.9669085150230847,5.460613852752383
800.0,1.966882283345768,5.46132885267175
801.0,1.9668561776187252,5.462043388052547
802.0,1.9668301974093079,5.462757459829102
803.0,1.96680434228637,5.463471068932589
804.0,1.966778611820262,5.464184216291042
805.0,1.9667530055828235,5.464896902829369
806.0,1.966727523147377,5.465609129469364
807.0,1.9667021640887212,5.46632089712972
808.0,1.9666769279831238,5.4670322067260475
809.0,1.9666518144083156,5.46774305917088
810.0,1.966626822943484,5.4684534553736945
811.0,1.9666019531692658,5.469163396240919
812.0,1.966577204667741,5.469872882675951
813.0,1.966552577022427,5.470581915579165
814.0,1.9665280698182714,5.4712904958479305
815.0,1.9665036826416462,5.4719986243766225
816.0,1.9664794150803406,5.472706302056635
817.0,1.966455266723556,5.473413529776393
818.0,1.9664312371618984,5.474120308421366
819.0,1.9664073259873733,5.474826638874079
820.0,1.966383532793379,5.475532522014129
821.0,1.9663598571747,5.476237958718194
822.0,1.9663362987275022,5.476942949860046
823.0,1.9663128570493247,5.477647496310565
824.0,1.9662895317390763,5.478351598937749
825.0,1.9662663223970271,5.479055258606729
826.0,1.9662432286248044,5.479758476179779
827.0,1.9662202500253854,5.480461252516328
828.0,1.966197386203092,5.481163588472975
829.0,1.9661746367635844,5.481865484903497
830.0,1.966152001313856,5.482566942658864
831.0,1.9661294794622268,5.4832679625872505
832.0,1.966107070818338,5.4839685455340454
833.0,1.9660847749931458,5.484668692341866
834.0,1.9660625915989167,5.485368403850567
835.0,1.9660405202492204,5.486067680897255
836.0,1.966018560558925,5.486766524316301
837.0,1.9659967121441915,5.487464934939346
838.0,1.9659749746224673,5.488162913595318
839.0,1.9659533476124815,5.488860461110442
840.0,1.965931830734239,5.489557578308252
841.0,1.965910423609015,5.4902542660096
842.0,1.9658891258593494,5.490950525032668
843.0,1.9658679371090415,5.49164635619298
844.0,1.9658468569831447,5.492341760303415
845.0,1.9658258851079602,5.493036738174212
846.0,1.9658050211110332,5.493731290612987
847.0,1.9657842646211459,5.494425418424744
848.0,1.9657636152683136,5.49511912241188
849.0,1.9657430726837781,5.4958124033742
850.0,1.9657226365000036,5.496505262108929
851.0,1.9657023063506704,5.49719769941072
852.0,1.965682081870671,5.497889716071666
853.0,1.9656619626961036,5.498581312881308
854.0,1.9656419484642675,5.499272490626651
855.0,1.965622038813658,5.4999632500921685
856.0,1.9656022333839618,5.500653592059818
857.0,1.9655825318160505,5.501343517309047
858.0,1.965562933751977,5.502033026616806
859.0,1.9655434388349702,5.502722120757559
860.0,1.965524046709429,5.503410800503292
861.0,1.9655047570209188,5.504099066623524
862.0,1.9654855694161653,5.504786919885317
863.0,1.9654664835430504,5.505474361053288
864.0,1.965447499050607,5.5061613908896145
865.0,1.9654286155890142,5.506848010154049
866.0,1.9654098328095924,5.507534219603926
867.0,1.9653911503647983,5.508220019994174
868.0,1.9653725679082206,5.508905412077324
869.0,1.965354085094575,5.509590396603518
870.0,1.965335701579699,5.510274974320523
871.0,1.9653174170205483,5.510959145973736
872.0,1.9652992310751909,5.511642912306196
873.0,1.9652811434028032,5.512326274058593
874.0,1.965263153663665,5.513009231969279
875.0,1.9652452615191551,5.513691786774273
876.0,1.9652274666317464,5.514373939207276
877.0,1.9652097686650019,5.515055689999678
878.0,1.9651921672835695,5.515737039880566
879.0,1.965174662153178,5.516417989576735
880.0,1.9651572529406323,5.517098539812697
881.0,1.965139939313809,5.5177786913106885
882.0,1.9651227209416517,5.518458444790684
883.0,1.9651055974941674,5.5191378009704
884.0,1.9650885686424209,5.519816760565306
885.0,1.9650716340585315,5.520495324288636
886.0,1.965054793415668,5.521173492851393
887.0,1.9650380463880444,5.52185126696236
888.0,1.965021392650916,5.52252864732811
889.0,1.9650048318805744,5.523205634653014
890.0,1.9649883637543444,5.5238822296392485
891.0,1.964971987950578,5.524558432986806
892.0,1.964955704148652,5.525234245393505
893.0,1.9649395120289628,5.525909667554992
894.0,1.9649234112729217,5.52658470016476
895.0,1.9649074015629524,5.527259343914149
896.0,1.9648914825824852,5.527933599492357
897.0,1.9648756540159538,5.5286074675864505
898.0,1.9648599155487907,5.529280948881371
899.0,1.9648442668674237,5.529954044059943
900.0,1.9648287076592714,5.530626753802885
901.0,1.964813237612739,5.5312990787888126
902.0,1.9647978564172146,5.531971019694254
903.0,1.9647825637630656,5.532642577193651
904.0,1.9647673593416337,5.533313751959373
905.0,1.9647522428452318,5.533984544661721
906.0,1.9647372139671395,5.534654955968939
907.0,1.9647222724015996,5.53532498654722
908.0,1.9647074178438142,5.535994637060713
909.0,1.9646926499899404,5.536663908171535
910.0,1.9646779685370868,5.537332800539775
911.0,1.9646633731833092,5.5380013148235046
912.0,1.9646488636276078,5.538669451678783
913.0,1.9646344395699222,5.539337211759668
914.0,1.9646201007111286,5.540004595718223
915.0,1.964605846753035,5.540671604204522
916.0,1.9645916773983783,5.54133823786666
917.0,1.9645775923508202,5.542004497350763
918.0,1.9645635913149437,5.542670383300989
919.0,1.9645496739962494,5.543335896359543
920.0,1.9645358401011515,5.544001037166678
921.0,1.9645220893369744,5.544665806360708
922.0,1.964508421411949,5.545330204578011
923.0,1.9644948360352095,5.54599423245304
924.0,1.9644813329167887,5.54665789061833
925.0,1.9644679117676156,5.547321179704502
926.0,1.9644545722995113,5.547984100340274
927.0,1.9644413142251853,5.548646653152468
928.0,1.9644281372582324,5.549308838766015
929.0,1.964415041113129,5.549970657803965
930.0,1.9644020255052292,5.550632110887492
931.0,1.9643890901507621,5.5512931986359035
932.0,1.9643762347668274,5.5519539216666445
933.0,1.9643634590713932,5.552614280595308
934.0,1.9643507627832912,5.55327427603564
935.0,1.9643381456222142,5.553933908599546
936.0,1.9643256073087123,5.5545931788971
937.0,1.96431314756419,5.5552520875365525
938.0,1.964300766110902,5.555910635124333
939.0,1.9642884626719508,5.556568822265059
940.0,1.9642762369712825,5.557226649561547
941.0,1.9642640887336844,5.557884117614812
942.0,1.9642520176847806,5.5585412270240795
943.0,1.96424002355103,5.559197978386792
944.0,1.9642281060597218,5.559854372298614
945.0,1.964216264938973,5.560510409353438
946.0,1.964204499917725,5.561166090143394
947.0,1.9641928107257405,5.561821415258855
948.0,1.9641811970935998,5.562476385288443
949.0,1.9641696587526982,5.563131000819036
950.0,1.9641581954352427,5.563785262435773
951.0,1.9641468068742485,5.564439170722065
952.0,1.964135492803536,5.565092726259597
953.0,1.964124252957728,5.565745929628337
954.0,1.9641130870722465,5.56639878140654
955.0,1.9641019948833092,5.567051282170758
956.0,1.9640909761279264,5.567703432495843
957.0,1.9640800305438988,5.568355232954956
958.0,1.9640691578698135,5.569006684119571
959.0,1.9640583578450415,5.569657786559483
960.0,1.964047630209734,5.570308540842813
961.0,1.9640369747048207,5.570958947536016
962.0,1.9640263910720055,5.571609007203886
963.0,1.9640158790537638,5.572258720409562
964.0,1.96400543839334,5.572908087714534
965.0,1.9639950688347445,5.573557109678652
966.0,1.9639847701227502,5.5742057868601265
967.0,1.96397454200289,5.57485411981554
968.0,1.9639643842214538,5.57550210909985
969.0,1.9639542965254857,5.576149755266397
970.0,1.963944278662781,5.576797058866908
971.0,1.9639343303818833,5.577444020451504
972.0,1.9639244514320817,5.578090640568709
973.0,1.9639146415634083,5.578736919765447
974.0,1.9639049005266345,5.579382858587059
975.0,1.9638952280732689,5.5800284575773
976.0,1.9638856239555544,5.5806737172783505
977.0,1.9638760879264654,5.581318638230819
978.0,1.9638666197397046,5.581963220973749
979.0,1.963857219149701,5.582607466044624
980.0,1.9638478859116064,5.583251373979375
981.0,1.9638386197812931,5.583894945312386
982.0,1.9638294205153513,5.584538180576495
983.0,1.9638202878710858,5.585181080303008
984.0,1.9638112216065136,5.585823645021697
985.0,1.9638022214803617,5.586465875260809
986.0,1.9637932872520636,5.587107771547073
987.0,1.9637844186817572,5.587749334405701
988.0,1.9637756155302821,5.588390564360399
989.0,1.9637668775591766,5.589031461933367
990.0,1.9637582045306754,5.58967202764531
991.0,1.963749596207707,5.590312262015439
992.0,1.9637410523538907,5.590952165561478
993.0,1.9637325727335346,5.59159173879967
994.0,1.9637241571116328,5.592230982244781
995.0,1.9637158052538624,5.592869896410109
996.0,1.9637075169265816,5.593508481807484
997.0,1.963699291896827,5.594146738947275
998.0,1.9636911299323105,5.5947846683383995
999.0,1.9636830308014175,5.595422270488322
1000.0,1.9636749942732041,5.596059545903064
1001.0,1.9636670201173947,5.596696495087209
1002.0,1.9636591081043793,5.597333118543904
1003.0,1.9636512580052112,5.597969416774871
1004.0,1.9636434695916045,5.598605390280403
1005.0,1.9636357426359317,5.599241039559378
1006.0,1.963628076911221,5.599876365109261
1007.0,1.9636204721911548,5.6005113674261064
1008.0,1.9636129282500654,5.601146047004567
1009.0,1.9636054448629348,5.601780404337896
1010.0,1.9635980218053908,5.602414439917954
1011.0,1.963590658853705,5.603048154235212
1012.0,1.963583355784791,5.603681547778761
1013.0,1.963576112376201,5.604314621036309
1014.0,1.9635689284061242,5.604947374494193
1015.0,1.9635618036533842,5.605579808637382
1016.0,1.963554737897437,5.606211923949479
1017.0,1.9635477309183682,5.60684372091273
1018.0,1.963540782496891,5.607475200008026
1019.0,1.9635338924143435,5.608106361714909
1020.0,1.963527060452687,5.608737206511576
1021.0,1.9635202863945036,5.609367734874886
1022.0,1.9635135700229933,5.60999794728036
1023.0,1.9635069111219725,5.610627844202191
1024.0,1.9635003094758714,5.611257426113246
1025.0,1.963493764869732,5.611886693485072
1026.0,1.9634872770892051,5.612515646787898
1027.0,1.9634808459205495,5.613144286490642
1028.0,1.9634744711506287,5.613772613060916
1029.0,1.9634681525669084,5.614400626965028
1030.0,1.9634618899574556,5.61502832866799
1031.0,1.9634556831109355,5.61565571863352
1032.0,1.9634495318166096,5.616282797324047
1033.0,1.9634434358643331,5.616909565200716
1034.0,1.9634373950445536,5.617536022723393
1035.0,1.9634314091483083,5.618162170350669
1036.0,1.963425477967222,5.6187880085398625
1037.0,1.963419601293505,5.619413537747028
1038.0,1.9634137789199515,5.620038758426957
1039.0,1.9634080106399363,5.620663671033184
1040.0,1.963402296247414,5.6212882760179905
1041.0,1.9633966355369163,5.621912573832409
1042.0,1.9633910283035498,5.622536564926228
1043.0,1.9633854743429942,5.623160249747995
1044.0,1.9633799734514998,5.623783628745024
1045.0,1.9633745254258868,5.6244067023633955
1046.0,1.963369130063541,5.625029471047965
1047.0,1.963363787162414,5.625651935242362
1048.0,1.9633584965210202,5.626274095389002
1049.0,1.963353257938434,5.626895951929082
1050.0,1.9633480712142897,5.627517505302591
1051.0,1.9633429361487775,5.628138755948311
1052.0,1.963337852542643,5.628759704303823
1053.0,1.9633328201971845,5.629380350805509
1054.0,1.963327838914251,5.63000069588856
1055.0,1.963322908496241,5.630620739986975
1056.0,1.9633180287460994,5.63124048353357
1057.0,1.9633131994673165,5.631859926959977
1058.0,1.9633084204639255,5.632479070696653
1059.0,1.9633036915405009,5.633097915172881
1060.0,1.9632990125021565,5.633716460816775
1061.0,1.9632943831545437,5.634334708055284
1062.0,1.9632898033038488,5.634952657314196
1063.0,1.9632852727567922,5.635570309018142
1064.0,1.9632807913206258,5.6361876635906
1065.0,1.9632763588031312,5.636804721453898
1066.0,1.9632719750126182,5.637421483029219
1067.0,1.9632676397579225,5.638037948736605
1068.0,1.9632633528484043,5.6386541189949595
1069.0,1.9632591140939457,5.639269994222054
1070.0,1.9632549233049499,5.639885574834529
1071.0,1.9632507802923387,5.6405008612479
1072.0,1.9632466848675507,5.641115853876559
1073.0,1.9632426368425397,5.641730553133781
1074.0,1.963238636029773,5.642344959431727
1075.0,1.963234682242229,5.642959073181446
1076.0,1.9632307752933962,5.6435728947928805
1077.0,1.9632269149972708,5.64418642467487
1078.0,1.9632231011683554,5.644799663235154
1079.0,1.9632193336216568,5.645412610880377
1080.0,1.9632156121726847,5.646025268016091
1081.0,1.9632119366374494,5.64663763504676
1082.0,1.9632083068324606,5.647249712375764
1083.0,1.9632047225747253,5.6478615004054005
1084.0,1.9632011836817465,5.6484729995368905
1085.0,1.9631976899715207,5.649084210170381
1086.0,1.963194241262537,5.64969513270495
1087.0,1.963190837373775,5.650305767538606
1088.0,1.9631874781247032,5.6509161150682985
1089.0,1.9631841633352771,5.651526175689915
1090.0,1.963180892825938,5.652135949798287
1091.0,1.9631776664176108,5.652745437787195
1092.0,1.9631744839317027,5.653354640049371
1093.0,1.9631713451901012,5.6539635569765005
1094.0,1.9631682500151726,5.654572188959228
1095.0,1.9631651982297607,5.655180536387158
1096.0,1.9631621896571845,5.655788599648863
1097.0,1.963159224121237,5.656396379131882
1098.0,1.9631563014461837,5.657003875222728
1099.0,1.9631534214567605,5.657611088306886
1100.0,1.9631505839781727,5.658218018768825
1101.0,1.9631477888360924,5.658824666991992
1102.0,1.9631450358566582,5.659431033358821
1103.0,1.9631423248664726,5.660037118250735
1104.0,1.9631396556926008,5.66064292204815
1105.0,1.9631370281625693,5.661248445130477
1106.0,1.9631344421043635,5.6618536878761265
1107.0,1.9631318973464276,5.6624586506625105
1108.0,1.9631293937176615,5.663063333866048
1109.0,1.9631269310474202,5.663667737862166
1110.0,1.963124509165512,5.664271863025304
1111.0,1.963122127902197,5.664875709728917
1112.0,1.9631197870881854,5.665479278345479
1113.0,1.9631174865546357,5.666082569246484
1114.0,1.9631152261331544,5.6666855828024545
1115.0,1.9631130056557928,5.667288319382939
1116.0,1.9631108249550469,5.667890779356519
1117.0,1.963108683863855,5.6684929630908085
1118.0,1.9631065822155969,5.6690948709524625
1119.0,1.9631045198440915,5.669696503307174
1120.0,1.9631024965835964,5.670297860519682
1121.0,1.9631005122688054,5.670898942953773
1122.0,1.963098566734848,5.671499750972283
1123.0,1.963096659817287,5.672100284937103
1124.0,1.9630947913521177,5.672700545209178
1125.0,1.9630929611757664,5.673300532148516
1126.0,1.9630911691250883,5.673900246114185
1127.0,1.963089415037367,5.67449968746432
1128.0,1.9630876987503123,5.675098856556126
1129.0,1.9630860201020595,5.675697753745878
1130.0,1.963084378931167,5.676296379388927
1131.0,1.9630827750766155,5.676894733839703
1132.0,1.963081208377807,5.677492817451713
1133.0,1.9630796786745626,5.678090630577553
1134.0,1.9630781858071213,5.678688173568902
1135.0,1.963076729616139,5.679285446776531
1136.0,1.9630753099426868,5.679882450550302
1137.0,1.963073926628249,5.680479185239175
1138.0,1.9630725795147235,5.681075651191208
1139.0,1.9630712684444185,5.68167184875356
1140.0,1.963069993260052,5.682267778272492
1141.0,1.9630687538047504,5.682863440093378
1142.0,1.9630675499220476,5.683458834560697
1143.0,1.9630663814558824,5.684053962018044
1144.0,1.9630652482505986,5.68464882280813
1145.0,1.9630641501509425,5.685243417272782
1146.0,1.9630630870020622,5.685837745752952
1147.0,1.963062058649506,5.686431808588715
1148.0,1.9630610649392215,5.687025606119272
1149.0,1.9630601057175538,5.687619138682956
1150.0,1.9630591808312443,5.688212406617232
1151.0,1.9630582901274296,5.688805410258701
1152.0,1.96305743345364,5.689398149943102
1153.0,1.963056610657798,5.689990626005315
1154.0,1.9630558215882177,5.690582838779364
1155.0,1.9630550660936028,5.6911747885984205
1156.0,1.963054344023046,5.691766475794804
1157.0,1.9630536552260265,5.692357900699986
1158.0,1.9630529995524104,5.692949063644594
1159.0,1.9630523768524482,5.693539964958412
1160.0,1.9630517869767738,5.694130604970384
1161.0,1.963051229776404,5.694720984008618
1162.0,1.963050705102736,5.695311102400385
1163.0,1.9630502128075469,5.695900960472128
1164.0,1.9630497527429924,5.696490558549456
1165.0,1.9630493247616057,5.697079896957155
1166.0,1.9630489287162958,5.697668976019186
1167.0,1.9630485644603466,5.698257796058687
1168.0,1.9630482318474156,5.698846357397979
1169.0,1.963047930731533,5.699434660358567
1170.0,1.9630476609671,5.700022705261141
1171.0,1.9630474224088876,5.70061049242558
1172.0,1.963047214912036,5.701198022170955
1173.0,1.9630470383320524,5.70178529481553
1174.0,1.9630468925248112,5.702372310676769
1175.0,1.9630467773465516,5.702959070071331
1176.0,1.9630466926538768,5.703545573315078
1177.0,1.9630466383037526,5.7041318207230765
1178.0,1.963046614153507,5.704717812609599
1179.0,1.9630466200608285,5.705303549288128
1180.0,1.9630466558837647,5.705889031071356
1181.0,1.9630467214807212,5.706474258271192
1182.0,1.9630468167104613,5.707059231198759
1183.0,1.9630469414321037,5.7076439501644005
1184.0,1.9630470955051218,5.708228415477681
1185.0,1.963047278789343,5.708812627447387
1186.0,1.9630474911449467,5.709396586381535
1187.0,1.963047732432464,5.7099802925873675
1188.0,1.9630480025127761,5.710563746371359
1189.0,1.9630483012471132,5.711146948039216
1190.0,1.9630486284970536,5.711729897895883
1191.0,1.9630489841245224,5.712312596245542
1192.0,1.9630493679917904,5.712895043391614
1193.0,1.9630497799614732,5.713477239636766
1194.0,1.9630502198965298,5.714059185282906
1195.0,1.9630506876602616,5.714640880631195
1196.0,1.9630511831163115,5.715222325982039
1197.0,1.9630517061286625,5.715803521635101
1198.0,1.963052256561637,5.716384467889293
1199.0,1.9630528342798952,5.716965165042789
1200.0,1.9630534391484347,5.717545613393019
1201.0,1.9630540710325886,5.718125813236677
1202.0,1.9630547297980252,5.718705764869719
1203.0,1.9630554153107465,5.719285468587366
1204.0,1.9630561274370872,5.719864924684112
1205.0,1.9630568660437142,5.720444133453716
1206.0,1.9630576309976242,5.721023095189214
1207.0,1.9630584221661442,5.721601810182913
1208.0,1.9630592394169297,5.722180278726402
1209.0,1.9630600826179634,5.722758501110545
1210.0,1.9630609516375546,5.723336477625491
1211.0,1.963061846344338,5.723914208560672
1212.0,1.9630627666072729,5.724491694204804
1213.0,1.963063712295642,5.725068934845896
1214.0,1.9630646832790506,5.725645930771242
1215.0,1.963065679427425,5.726222682267434
1216.0,1.963066700611012,5.726799189620353
1217.0,1.9630677467003776,5.727375453115182
1218.0,1.9630688175664066,5.7279514730364
1219.0,1.9630699130803007,5.728527249667789
1220.0,1.9630710331135781,5.729102783292435
1221.0,1.9630721775380726,5.729678074192726
1222.0,1.963073346225932,5.73025312265036
1223.0,1.9630745390496178,5.730827928946347
1224.0,1.9630757558819039,5.731402493361005
1225.0,1.9630769965958754,5.731976816173966
1226.0,1.9630782610649282,5.732550897664181
1227.0,1.9630795491627675,5.733124738109917
1228.0,1.963080860763407,5.733698337788762
1229.0,1.963082195741168,5.734271696977625
1230.0,1.9630835539706786,5.73484481595274
1231.0,1.9630849353268722,5.735417694989668
1232.0,1.9630863396849874,5.735990334363296
1233.0,1.963087766920566,5.736562734347846
1234.0,1.9630892169094531,5.737134895216867
1235.0,1.9630906895277955,5.737706817243245
1236.0,1.9630921846520408,5.738278500699202
1237.0,1.9630937021589367,5.7388499458563
1238.0,1.96309524192553,5.7394211529854395
1239.0,1.9630968038291658,5.739992122356863
1240.0,1.9630983877474864,5.740562854240159
1241.0,1.96309999355843,5.7411333489042615
1242.0,1.9631016211402306,5.7417036066174525
1243.0,1.9631032703714166,5.742273627647365
1244.0,1.9631049411308101,5.742843412260984
1245.0,1.9631066332975255,5.7434129607246485
1246.0,1.9631083467509693,5.743982273304053
1247.0,1.9631100813708389,5.744551350264251
1248.0,1.9631118370371214,5.745120191869655
1249.0,1.9631136136300933,5.745688798384041
1250.0,1.9631154110303188,5.746257170070546
1251.0,1.96311722911865,5.746825307191675
1252.0,1.9631190677762251,5.7473932100093
1253.0,1.9631209268844678,5.747960878784663
1254.0,1.9631228063250867,5.748528313778374
1255.0,1.963124705980074,5.7490955152504215
1256.0,1.9631266257317053,5.749662483460165
1257.0,1.9631285654625374,5.750229218666342
1258.0,1.9631305250554092,5.750795721127069
1259.0,1.9631325043934391,5.751361991099843
1260.0,1.9631345033600258,5.751928028841545
1261.0,1.9631365218388463,5.752493834608436
1262.0,1.9631385597138553,5.753059408656168
1263.0,1.9631406168692844,5.753624751239777
1264.0,1.9631426931896416,5.754189862613693
1265.0,1.9631447885597098,5.754754743031732
1266.0,1.9631469028645465,5.755319392747109
1267.0,1.963149035989483,5.755883812012429
1268.0,1.963151187820123,5.756448001079698
1269.0,1.9631533582423426,5.757011960200319
1270.0,1.9631555471422883,5.757575689625094
1271.0,1.9631577544063774,5.75813918960423
1272.0,1.9631599799212966,5.758702460387337
1273.0,1.9631622235740014,5.75926550222343
1274.0,1.9631644852517147,5.759828315360933
1275.0,1.9631667648419266,5.7603909000476765
1276.0,1.9631690622323938,5.760953256530905
1277.0,1.963171377311138,5.761515385057273
1278.0,1.9631737099664457,5.762077285872852
1279.0,1.963176060086867,5.762638959223128
1280.0,1.9631784275612154,5.763200405353007
1281.0,1.9631808122785663,5.7637616245068095
1282.0,1.963183214128257,5.7643226169282835
1283.0,1.963185632999885,5.764883382860596
1284.0,1.9631880687833074,5.765443922546339
1285.0,1.9631905213686414,5.766004236227533
1286.0,1.9631929906462617,5.766564324145624
1287.0,1.963195476506801,5.767124186541489
1288.0,1.9631979788411482,5.767683823655435
1289.0,1.963200497540449,5.768243235727205
1290.0,1.9632030324961036,5.7688024229959725
1291.0,1.9632055835997673,5.76936138570035
1292.0,1.9632081507433485,5.7699201240783875
1293.0,1.9632107338190092,5.770478638367575
1294.0,1.9632133327191632,5.771036928804841
1295.0,1.9632159473364759,5.77159499562656
1296.0,1.963218577563863,5.77215283906855
1297.0,1.963221223294491,5.772710459366074
1298.0,1.9632238844217746,5.773267856753844
1299.0,1.963226560839378,5.7738250314660196
1300.0,1.963229252441212,5.774381983736213
1301.0,1.9632319591214356,5.774938713797488
1302.0,1.9632346807744532,5.775495221882362
1303.0,1.963237417294915,5.776051508222808
1304.0,1.963240168577716,5.776607573050256
1305.0,1.9632429345179956,5.777163416595597
1306.0,1.9632457150111358,5.777719039089178
1307.0,1.963248509952762,5.778274440760812
1308.0,1.9632513192387409,5.7788296218397734
1309.0,1.9632541427651808,5.779384582554801
1310.0,1.9632569804284306,5.779939323134101
1311.0,1.9632598321250785,5.780493843805348
1312.0,1.9632626977519523,5.781048144795685
1313.0,1.9632655772061178,5.781602226331725
1314.0,1.9632684703848786,5.7821560886395575
1315.0,1.9632713771857753,5.782709731944742
1316.0,1.9632742975065844,5.783263156472315
1317.0,1.9632772312453186,5.783816362446791
1318.0,1.9632801783002252,5.784369350092161
1319.0,1.9632831385697855,5.784922119631899
1320.0,1.9632861119527145,5.7854746712889575
1321.0,1.96328909834796,5.786027005285774
1322.0,1.963292097654702,5.78657912184427
1323.0,1.9632951097723517,5.787131021185853
1324.0,1.9632981346005514,5.7876827035314165
1325.0,1.9633011720391733,5.788234169101345
1326.0,1.9633042219883192,5.788785418115512
1327.0,1.9633072843483195,5.789336450793284
1328.0,1.9633103590197327,5.78988726735352
1329.0,1.963313445903345,5.790437868014573
1330.0,1.9633165449001688,5.790988252994293
1331.0,1.9633196559114432,5.791538422510027
1332.0,1.9633227788386323,5.792088376778622
1333.0,1.9633259135834253,5.792638116016425
1334.0,1.9633290600477353,5.7931876404392835
1335.0,1.9633322181336992,5.79373695026255
1336.0,1.9633353877436763,5.794286045701081
1337.0,1.9633385687802485,5.794834926969238
1338.0,1.963341761146219,5.795383594280891
1339.0,1.9633449647446117,5.795932047849419
1340.0,1.9633481794786714,5.796480287887711
1341.0,1.9633514052518617,5.797028314608166
1342.0,1.963354641967866,5.797576128222699
1343.0,1.9633578895305854,5.798123728942738
1344.0,1.9633611478441393,5.798671116979224
1345.0,1.9633644168128634,5.799218292542619
1346.0,1.9633676963413107,5.799765255842902
1347.0,1.9633709863342494,5.800312007089571
1348.0,1.9633742866966635,5.800858546491646
1349.0,1.963377597333751,5.801404874257668
1350.0,1.9633809181509245,5.801950990595705
1351.0,1.9633842490538094,5.802496895713347
1352.0,1.963387589948244,5.803042589817711
1353.0,1.963390940740279,5.803588073115443
1354.0,1.9633943013361763,5.804133345812717
1355.0,1.9633976716424089,5.804678408115239
1356.0,1.96340105156566,5.805223260228246
1357.0,1.9634044410128226,5.805767902356506
1358.0,1.9634078398909989,5.806312334704324
1359.0,1.9634112481074995,5.806856557475539
1360.0,1.9634146655698428,5.807400570873529
1361.0,1.9634180921857547,5.807944375101208
1362.0,1.9634215278631677,5.80848797036103
1363.0,1.9634249725102204,5.809031356854992
1364.0,1.9634284260352572,5.8095745347846295
1365.0,1.9634318883468271,5.810117504351024
1366.0,1.963435359353684,5.810660265754802
1367.0,1.9634388389647848,5.811202819196133
1368.0,1.9634423270892902,5.811745164874736
1369.0,1.9634458236365637,5.812287302989878
1370.0,1.9634493285161703,5.812829233740375
1371.0,1.9634528416378767,5.8133709573245955
1372.0,1.9634563629116508,5.813912473940458
1373.0,1.9634598922476605,5.814453783785435
1374.0,1.9634634295562734,5.814994887056556
1375.0,1.9634669747480566,5.815535783950403
1376.0,1.9634705277337756,5.816076474663117
1377.0,1.9634740884243942,5.816616959390396
1378.0,1.9634776567310734,5.8171572383275
1379.0,1.9634812325651714,5.817697311669247
1380.0,1.9634848158382427,5.818237179610018
1381.0,1.963488406462038,5.818776842343758
1382.0,1.9634920043485025,5.819316300063975
1383.0,1.9634956094097766,5.819855552963744
1384.0,1.9634992215581952,5.820394601235705
1385.0,1.9635028407062864,5.820933445072067
1386.0,1.9635064667667717,5.8214720846646095
1387.0,1.9635100996525647,5.82201052020468
1388.0,1.9635137392767714,5.822548751883198
1389.0,1.963517385552689,5.823086779890656
1390.0,1.9635210383938062,5.8236246044171205
1391.0,1.9635246977138012,5.824162225652233
1392.0,1.9635283634265428,5.824699643785212
1393.0,1.9635320354460888,5.825236859004851
1394.0,1.9635357136866858,5.825773871499524
1395.0,1.9635393980627687,5.826310681457184
1396.0,1.9635430884889602,5.826847289065366
1397.0,1.9635467848800703,5.827383694511185
1398.0,1.9635504871510954,5.82791989798134
1399.0,1.9635541952172182,5.828455899662113
1400.0,1.963557908993807,5.828991699739373
1401.0,1.9635616283964155,5.829527298398577
1402.0,1.9635653533407815,5.830062695824765
1403.0,1.9635690837428277,5.83059789220257
1404.0,1.9635728195186595,5.831132887716212
1405.0,1.9635765605845656,5.831667682549503
1406.0,1.963580306857018,5.832202276885847
1407.0,1.9635840582526694,5.832736670908243
1408.0,1.9635878146883552,5.833270864799282
1409.0,1.9635915760810916,5.833804858741149
1410.0,1.963595342348075,5.83433865291563
1411.0,1.963599113406682,5.834872247504104
1412.0,1.9636028891744686,5.835405642687553
1413.0,1.9636066695691703,5.8359388386465545
1414.0,1.9636104545087005,5.83647183556129
1415.0,1.9636142439111512,5.83700463361154
1416.0,1.9636180376947918,5.837537232976692
1417.0,1.9636218357780686,5.838069633835734
1418.0,1.9636256380796044,5.8386018363672605
1419.0,1.9636294445181983,5.839133840749471
1420.0,1.963633255012825,5.839665647160175
1421.0,1.9636370694826344,5.840197255776788
1422.0,1.9636408878469507,5.840728666776335
1423.0,1.9636447100252725,5.841259880335452
1424.0,1.963648535937272,5.841790896630386
1425.0,1.9636523655027944,5.842321715836998
1426.0,1.9636561986418581,5.84285233813076
1427.0,1.9636600352746532,5.843382763686761
1428.0,1.9636638753215419,5.843912992679704
1429.0,1.9636677187030576,5.84444302528391
1430.0,1.9636715653399044,5.844972861673316
1431.0,1.963675415152957,5.845502502021478
1432.0,1.9636792680632598,5.846031946501574
1433.0,1.9636831239920265,5.8465611952864
1434.0,1.96368698286064,5.8470902485483744
1435.0,1.9636908445906518,5.84761910645954
1436.0,1.963694709103781,5.848147769191561
1437.0,1.9636985763219148,5.848676236915728
1438.0,1.9637024461671069,5.8492045098029575
1439.0,1.963706318561578,5.849732588023791
1440.0,1.963710193427715,5.850260471748399
1441.0,1.9637140706880705,5.850788161146581
1442.0,1.9637179502653623,5.851315656387766
1443.0,1.9637218320824734,5.851842957641014
1444.0,1.9637257160624508,5.852370065075015
1445.0,1.9637296021285058,5.8528969788580945
1446.0,1.9637334902040127,5.85342369915821
1447.0,1.963737380212509,5.8539502261429535
1448.0,1.9637412720776954,5.8544765599795525
1449.0,1.963745165723434,5.855002700834873
1450.0,1.963749061073749,5.855528648875415
1451.0,1.9637529580528257,5.856054404267321
1452.0,1.9637568565850105,5.85657996717637
1453.0,1.9637607565948103,5.857105337767983
1454.0,1.9637646580068915,5.857630516207222
1455.0,1.9637685607460804,5.858155502658791
1456.0,1.9637724647373624,5.858680297287036
1457.0,1.9637763699058814,5.859204900255951
1458.0,1.9637802761769398,5.859729311729171
1459.0,1.9637841834759977,5.860253531869979
1460.0,1.9637880917286723,5.860777560841306
1461.0,1.9637920008607384,5.861301398805729
1462.0,1.9637959107981269,5.861825045925475
1463.0,1.963799821466925,5.862348502362419
1464.0,1.9638037327933757,5.86287176827809
1465.0,1.963807644703877,5.863394843833666
1466.0,1.963811557124982,5.863917729189978
1467.0,1.963815469983398,5.864440424507511
1468.0,1.963819383205987,5.864962929946405
1469.0,1.9638232967197635,5.865485245666453
1470.0,1.9638272104518963,5.866007371827107
1471.0,1.9638311243297064,5.866529308587473
1472.0,1.9638350382806675,5.867051056106318
1473.0,1.963838952232405,5.867572614542066
1474.0,1.9638428661126959,5.868093984052802
1475.0,1.9638467798494688,5.86861516479627
1476.0,1.9638506933708024,5.869136156929878
1477.0,1.9638546066049265,5.869656960610694
1478.0,1.96385851948022,5.87017757599545
1479.0,1.9638624319252123,5.870698003240543
1480.0,1.963866343868581,5.871218242502034
1481.0,1.9638702552391534,5.8717382939356515
1482.0,1.9638741659659045,5.8722581576967885
1483.0,1.9638780759779573,5.872777833940508
1484.0,1.9638819852045828,5.873297322821539
1485.0,1.9638858935751988,5.8738166244942835
1486.0,1.96388980101937,5.87433573911281
1487.0,1.9638937074668075,5.874854666830862
1488.0,1.9638976128473684,5.87537340780185
1489.0,1.9639015170910554,5.875891962178862
1490.0,1.9639054201280166,5.876410330114657
1491.0,1.9639093218885446,5.87692851176167
1492.0,1.9639132223030769,5.87744650727201
1493.0,1.9639171213021946,5.877964316797463
1494.0,1.963921018816623,5.878481940489493
1495.0,1.9639249147772302,5.87899937849924
1496.0,1.9639288091150275,5.879516630977524
1497.0,1.963932701761169,5.880033698074844
1498.0,1.9639365926469505,5.880550579941379
1499.0,1.96394048170381,5.8810672767269905
1500.0,1.9639443688633265,5.881583788581221
1501.0,1.9639482540572204,5.882100115653295
1502.0,1.9639521372173527,5.882616258092124
1503.0,1.963956018275725,5.883132216046301
1504.0,1.963959897164478,5.883647989664103
1505.0,1.963963773815893,5.884163579093498
1506.0,1.96396764816239,5.884678984482136
1507.0,1.9639715201365275,5.885194205977358
1508.0,1.9639753896710033,5.885709243726192
1509.0,1.9639792566986525,5.886224097875357
1510.0,1.9639831211524483,5.886738768571259
1511.0,1.9639869829655014,5.8872532559599975
1512.0,1.9639908420710592,5.8877675601873625
1513.0,1.9639946984025063,5.888281681398837
1514.0,1.963998551893363,5.888795619739597
1515.0,1.9640024024772857,5.8893093753545145
1516.0,1.9640062500880668,5.889822948388153
1517.0,1.9640100946596335,5.890336338984773
1518.0,1.964013936126048,5.890849547288333
1519.0,1.964017774421507,5.891362573442487
1520.0,1.9640216094803413,5.891875417590588
1521.0,1.964025441237016,5.892388079875686
1522.0,1.964029269626129,5.892900560440532
1523.0,1.9640330945824118,5.893412859427578
1524.0,1.9640369160407285,5.893924976978974
1525.0,1.9640407339360755,5.894436913236576
1526.0,1.9640445482035815,5.894948668341939
1527.0,1.964048358778507,5.895460242436324
1528.0,1.9640521655962437,5.895971635660694
1529.0,1.9640559685923145,5.896482848155717
1530.0,1.9640597677023728,5.8969938800617685
1531.0,1.9640635628622027,5.897504731518928
1532.0,1.9640673540077183,5.898015402666983
1533.0,1.964071141074963,5.898525893645431
1534.0,1.9640749240001099,5.899036204593473
1535.0,1.964078702719461,5.899546335650025
1536.0,1.9640824771694474,5.90005628695371
1537.0,1.964086247286628,5.900566058642861
1538.0,1.96409001300769,5.901075650855524
1539.0,1.964093774269448,5.901585063729457
1540.0,1.9640975310088444,5.902094297402131
1541.0,1.9641012831629485,5.902603352010732
1542.0,1.9641050306689563,5.903112227692157
1543.0,1.9641087734641898,5.903620924583021
1544.0,1.9641125114860978,5.904129442819654
1545.0,1.964116244672254,5.904637782538103
1546.0,1.9641199729603582,5.905145943874131
1547.0,1.964123696288235,5.905653926963221
1548.0,1.9641274145938334,5.906161731940573
1549.0,1.9641311278152276,5.906669358941107
1550.0,1.9641348358906152,5.9071768080994635
1551.0,1.9641385387583181,5.907684079550004
1552.0,1.9641422363567813,5.90819117342681
1553.0,1.9641459286245733,5.908698089863687
1554.0,1.964149615500385,5.909204828994164
1555.0,1.9641532969230302,5.9097113909514905
1556.0,1.964156972831445,5.910217775868643
1557.0,1.964160643164687,5.910723983878323
1558.0,1.9641643078619355,5.911230015112955
1559.0,1.9641679668624914,5.911735869704694
1560.0,1.9641716201057764,5.9122415477854195
1561.0,1.9641752675313324,5.912747049486739
1562.0,1.9641789090788224,5.913252374939988
1563.0,1.964182544688029,5.913757524276234
1564.0,1.9641861742988544,5.914262497626271
1565.0,1.9641897978513205,5.914767295120624
1566.0,1.9641934152855682,5.915271916889551
1567.0,1.9641970265418573,5.915776363063039
1568.0,1.9642006315605662,5.916280633770811
1569.0,1.9642042302821912,5.9167847291423215
1570.0,1.9642078226473467,5.917288649306758
1571.0,1.9642114085967648,5.917792394393043
1572.0,1.9642149880712947,5.918295964529834
1573.0,1.9642185610119025,5.918799359845526
1574.0,1.9642221273596716,5.919302580468248
1575.0,1.9642256870558013,5.919805626525868
1576.0,1.9642292400416068,5.920308498145991
1577.0,1.9642327862585198,5.92081119545596
1578.0,1.9642363256480873,5.921313718582859
1579.0,1.964239858151971,5.921816067653509
1580.0,1.9642433837119484,5.922318242794474
1581.0,1.964246902269911,5.9228202441320565
1582.0,1.964250413767865,5.923322071792303
1583.0,1.9642539181479304,5.923823725901001
1584.0,1.9642574153523413,5.924325206583681
1585.0,1.9642609053234452,5.924826513965619
1586.0,1.9642643880037025,5.925327648171831
1587.0,1.964267863335687,5.925828609327082
1588.0,1.9642713312620845,5.9263293975558815
1589.0,1.964274791725694,5.926830012982483
1590.0,1.964278244669426,5.92733045573089
1591.0,1.964281690036303,5.92783072592485
1592.0,1.9642851277694586,5.928330823687862
1593.0,1.964288557812138,5.92883074914317
1594.0,1.9642919801076975,5.929330502413771
1595.0,1.9642953945996036,5.9298300836224085
1596.0,1.9642988012314335,5.930329492891579
1597.0,1.9643021999468744,5.930828730343528
1598.0,1.9643055906897233,5.931327796100254
1599.0,1.964308973403887,5.931826690283508
1600.0,1.964312348033381,5.932325413014793
1601.0,1.9643157145223307,5.932823964415366
1602.0,1.9643190728149693,5.933322344606239
1603.0,1.964322422855639,5.933820553708177
1604.0,1.9643257645887902,5.934318591841701
1605.0,1.9643290979589807,5.934816459127089
1606.0,1.9643324229108765,5.935314155684375
1607.0,1.9643357393892509,5.935811681633348
1608.0,1.964339047338984,5.936309037093559
1609.0,1.964342346705063,5.936806222184313
1610.0,1.9643456374325814,5.937303237024678
1611.0,1.9643489194667394,5.937800081733477
1612.0,1.9643521927528431,5.938296756429297
1613.0,1.9643554572363042,5.938793261230484
1614.0,1.9643587128626399,5.939289596255145
1615.0,1.9643619595774728,5.93978576162115
1616.0,1.9643651973265306,5.94028175744613
1617.0,1.9643684260556453,5.940777583847481
1618.0,1.9643716457107538,5.94127324094236
1619.0,1.964374856237897,5.94176872884769
1620.0,1.96437805758322,5.942264047680159
1621.0,1.964381249692971,5.942759197556219
1622.0,1.964384432513502,5.943254178592089
1623.0,1.9643876059912684,5.943748990903754
1624.0,1.964390770072828,5.944243634606966
1625.0,1.9643939247048416,5.944738109817244
1626.0,1.9643970698340723,5.945232416649877
1627.0,1.9644002054073852,5.945726555219921
1628.0,1.9644033313717477,5.946220525642202
1629.0,1.9644064476742285,5.946714328031315
1630.0,1.9644095542619975,5.947207962501627
1631.0,1.9644126510823263,5.947701429167275
1632.0,1.964415738082587,5.948194728142168
1633.0,1.9644188152102526,5.9486878595399855
1634.0,1.9644218824128963,5.949180823474181
1635.0,1.9644249396381914,5.9496736200579825
1636.0,1.9644279868339112,5.950166249404389
1637.0,1.9644310239479286,5.9506587116261755
1638.0,1.9644340509282159,5.951151006835891
1639.0,1.9644370677228447,5.951643135145861
1640.0,1.9644400742799852,5.952135096668186
1641.0,1.9644430705479066,5.9526268915147424
1642.0,1.9644460564749762,5.953118519797185
1643.0,1.96444903200966,5.953609981626945
1644.0,1.9644519971005212,5.954101277115233
1645.0,1.9644549516962213,5.954592406373036
1646.0,1.9644578957455192,5.955083369511123
1647.0,1.9644608291972707,5.955574166640041
1648.0,1.9644637520004289,5.956064797870116
1649.0,1.9644666641040434,5.956555263311457
1650.0,1.9644695654572604,5.957045563073954
1651.0,1.9644724560093225,5.957535697267276
1652.0,1.9644753357095681,5.958025666000879
1653.0,1.9644782045074316,5.958515469383998
1654.0,1.964481062352443,5.959005107525653
1655.0,1.9644839091942272,5.959494580534647
1656.0,1.9644867449825048,5.959983888519569
1657.0,1.9644895696670908,5.9604730315887915
1658.0,1.964492383197895,5.960962009850472
1659.0,1.964495185524922,5.961450823412555
1660.0,1.9644979765982697,5.961939472382772
1661.0,1.9645007563681307,5.962427956868639
1662.0,1.9645035247847908,5.962916276977463
1663.0,1.9645062817986296,5.963404432816336
1664.0,1.9645090273601198,5.9638924244921405
1665.0,1.9645117614198273,5.964380252111547
1666.0,1.9645144839284105,5.9648679157810145
1667.0,1.964517194836621,5.965355415606794
1668.0,1.9645198940953017,5.965842751694926
1669.0,1.9645225816553886,5.966329924151243
1670.0,1.9645252574679093,5.9668169330813665
1671.0,1.9645279214839828,5.967303778590714
1672.0,1.96453057365482,5.967790460784491
1673.0,1.9645332139317226,5.9682769797677
1674.0,1.9645358422660835,5.968763335645134
1675.0,1.9645384586093864,5.969249528521381
1676.0,1.9645410629132056,5.969735558500824
1677.0,1.964543655129206,5.970221425687641
1678.0,1.9645462352091418,5.970707130185805
1679.0,1.964548803104858,5.971192672099085
1680.0,1.9645513587682888,5.971678051531046
1681.0,1.9645539021514582,5.972163268585051
1682.0,1.964556433206479,5.972648323364259
1683.0,1.9645589518855537,5.973133215971629
1684.0,1.964561458140973,5.973617946509915
1685.0,1.9645639519251166,5.974102515081673
1686.0,1.9645664331904524,5.974586921789256
1687.0,1.9645689018895367,5.9750711667348195
1688.0,1.9645713579750135,5.975555250020316
1689.0,1.9645738013996146,5.976039171747502
1690.0,1.9645762321161597,5.976522932017931
1691.0,1.9645786500775555,5.977006530932964
1692.0,1.964581055236796,5.977489968593758
1693.0,1.964583447546962,5.9779732451012775
1694.0,1.9645858269612209,5.9784563605562875
1695.0,1.9645881934328269,5.978939315059357
1696.0,1.9645905469151204,5.9794221087108586
1697.0,1.9645928873615277,5.97990474161097
1698.0,1.9645952147255612,5.980387213859674
1699.0,1.964597528960819,5.980869525556758
1700.0,1.9645998300209846,5.9813516768018165
1701.0,1.9646021178598265,5.981833667694248
1702.0,1.9646043924311987,5.982315498333261
1703.0,1.9646066536890396,5.982797168817869
1704.0,1.9646089015873727,5.983278679246893
1705.0,1.9646111360803056,5.9837600297189635
1706.0,1.9646133571220303,5.984241220332518
1707.0,1.964615564666823,5.984722251185805
1708.0,1.9646177586690436,5.9852031223768805
1709.0,1.9646199390831356,5.985683834003612
1710.0,1.9646221058636257,5.986164386163676
1711.0,1.9646242589651244,5.9866447789545605
1712.0,1.9646263983423249,5.987125012473565
1713.0,1.9646285239500032,5.9876050868178
1714.0,1.9646306357430183,5.98808500208419
1715.0,1.9646327336763112,5.988564758369468
1716.0,1.9646348177049056,5.989044355770185
1717.0,1.9646368877839067,5.989523794382701
1718.0,1.9646389438685021,5.990003074303194
1719.0,1.9646409859139609,5.990482195627653
1720.0,1.9646430138756337,5.990961158451883
1721.0,1.964645027708952,5.991439962871505
1722.0,1.964647027369429,5.991918608981955
1723.0,1.9646490128126586,5.992397096878484
1724.0,1.9646509839943151,5.992875426656162
1725.0,1.9646529408701536,5.993353598409873
1726.0,1.9646548833960096,5.993831612234319
1727.0,1.9646568115277983,5.9943094682240226
1728.0,1.9646587252215153,5.994787166473321
1729.0,1.9646606244332356,5.995264707076372
1730.0,1.964662509119114,5.995742090127152
1731.0,1.964664379235385,5.996219315719457
1732.0,1.9646662347383614,5.996696383946902
1733.0,1.9646680755844357,5.997173294902923
1734.0,1.964669901730079,5.997650048680777
1735.0,1.9646717131318412,5.998126645373541
1736.0,1.9646735097463501,5.998603085074117
1737.0,1.9646752915303125,5.999079367875224
1738.0,1.9646770584405127,5.999555493869406
1739.0,1.964678810433813,6.000031463149029
1740.0,1.9646805474671538,6.000507275806284
1741.0,1.9646822694975525,6.000982931933184
1742.0,1.964683976482104,6.0014584316215664
1743.0,1.9646856683779805,6.001933774963092
1744.0,1.9646873451424312,6.002408962049248
1745.0,1.9646890067327816,6.002883992971347
1746.0,1.9646906531064343,6.003358867820525
1747.0,1.9646922842208683,6.0038335866877475
1748.0,1.9646939000336388,6.004308149663803
1749.0,1.9646955005023767,6.004782556839309
1750.0,1.9646970855847896,6.00525680830471
1751.0,1.96469865523866,6.005730904150278
1752.0,1.9647002094218464,6.006204844466112
1753.0,1.9647017480922824,6.00667862934214
1754.0,1.9647032712079768,6.00715225886812
1755.0,1.9647047787270138,6.007625733133638
1756.0,1.964706270607552,6.00809905222811
1757.0,1.9647077468078247,6.008572216240783
1758.0,1.9647092072861398,6.009045225260731
1759.0,1.9647106520008797,6.009518079376864
1760.0,1.9647120809105005,6.00999077867792
1761.0,1.9647134939735325,6.010463323252468
1762.0,1.9647148911485797,6.0109357131889105
1763.0,1.96471627239432,6.011407948575482
1764.0,1.9647176376695041,6.01188002950025
1765.0,1.9647189869329567,6.0123519560511145
1766.0,1.9647203201435752,6.012823728315809
1767.0,1.96472163726033,6.013295346381901
1768.0,1.9647229382422642,6.013766810336794
1769.0,1.9647242230484936,6.014238120267723
1770.0,1.9647254916382064,6.01470927626176
1771.0,1.964726743970663,6.015180278405813
1772.0,1.9647279800051958,6.015651126786625
1773.0,1.9647291997012093,6.016121821490774
1774.0,1.9647304030181796,6.016592362604676
1775.0,1.9647315899156546,6.017062750214585
1776.0,1.9647327603532532,6.017532984406588
1777.0,1.964733914290666,6.018003065266615
1778.0,1.9647350516876543,6.018472992880431
1779.0,1.9647361725040506,6.01894276733364
1780.0,1.9647372766997582,6.019412388711684
1781.0,1.9647383642347507,6.019881857099846
1782.0,1.9647394350690721,6.020351172583247
1783.0,1.964740489162837,6.020820335246848
1784.0,1.96474152647623,6.02128934517545
1785.0,1.9647425469695055,6.021758202453697
1786.0,1.9647435506029878,6.02222690716607
1787.0,1.9647445373370707,6.022695459396895
1788.0,1.9647455071322173,6.023163859230339
1789.0,1.9647464599489604,6.023632106750409
1790.0,1.9647473957479016,6.024100202040955
1791.0,1.9647483144897118,6.024568145185672
1792.0,1.9647492161351303,6.025035936268095
1793.0,1.9647501006449652,6.025503575371606
1794.0,1.9647509679800934,6.025971062579427
1795.0,1.9647518181014598,6.026438397974628
1796.0,1.9647526509700775,6.026905581640121
1797.0,1.9647534665470276,6.027372613658663
1798.0,1.9647542647934593,6.0278394941128575
1799.0,1.9647550456705893,6.028306223085153
1800.0,1.964755809139702,6.028772800657844
1801.0,1.9647565551621489,6.029239226913071
1802.0,1.9647572836993492,6.029705501932822
1803.0,1.964757994712789,6.030171625798932
1804.0,1.9647586881640207,6.030637598593081
1805.0,1.9647593640146646,6.031103420396801
1806.0,1.9647600222264068,6.031569091291468
1807.0,1.9647606627610004,6.032034611358308
1808.0,1.9647612855802643,6.032499980678397
1809.0,1.9647618906460842,6.032965199332657
1810.0,1.9647624779204111,6.0334302674018625
1811.0,1.9647630473652624,6.033895184966637
1812.0,1.964763598942721,6.034359952107453
1813.0,1.9647641326149352,6.034824568904633
1814.0,1.9647646483441192,6.035289035438353
1815.0,1.964765146092552,6.035753351788638
1816.0,1.9647656258225779,6.0362175180353645
1817.0,1.9647660874966062,6.036681534258262
1818.0,1.964766531077111,6.037145400536911
1819.0,1.9647669565266308,6.037609116950745
1820.0,1.9647673638077692,6.038072683579049
1821.0,1.9647677528831935,6.038536100500964
1822.0,1.9647681237156358,6.038999367795481
1823.0,1.9647684762678919,6.039462485541447
1824.0,1.9647688105028216,6.039925453817563
1825.0,1.9647691263833487,6.040388272702384
1826.0,1.9647694238724605,6.04085094227432
1827.0,1.9647697029332076,6.041313462611635
1828.0,1.9647699635287044,6.04177583379245
1829.0,1.9647702056221281,6.042238055894741
1830.0,1.9647704291767192,6.042700128996339
1831.0,1.964770634155781,6.0431620531749335
1832.0,1.9647708205226795,6.04362382850807
1833.0,1.9647709882408435,6.044085455073151
1834.0,1.9647711372737644,6.044546932947434
1835.0,1.9647712675849955,6.045008262208039
1836.0,1.964771379138153,6.045469442931941
1837.0,1.9647714718969145,6.045930475195971
1838.0,1.96477154582502,6.046391359076823
1839.0,1.9647716008862706,6.046852094651049
1840.0,1.9647716370445298,6.0473126819950584
1841.0,1.9647716542637226,6.047773121185121
1842.0,1.964771652507835,6.0482334122973676
1843.0,1.964771631740914,6.048693555407787
1844.0,1.9647715919270683,6.049153550592232
1845.0,1.9647715330304671,6.049613397926412
1846.0,1.9647714550153408,6.0500730974859005
1847.0,1.96477135784598,6.050532649346132
1848.0,1.9647712414867364,6.0509920535824016
1849.0,1.9647711059020216,6.051451310269868
1850.0,1.9647709510563076,6.0519104194835505
1851.0,1.9647707769141267,6.052369381298333
1852.0,1.964770583440071,6.052828195788961
1853.0,1.964770370598793,6.053286863030044
1854.0,1.9647701383550038,6.053745383096055
1855.0,1.964769886673475,6.05420375606133
1856.0,1.9647696155190375,6.054661982000071
1857.0,1.9647693248565814,6.055120060986343
1858.0,1.964769014651056,6.055577993094076
1859.0,1.9647686848674695,6.056035778397066
1860.0,1.9647683354708894,6.056493416968975
1861.0,1.9647679664264415,6.056950908883327
1862.0,1.9647675776993108,6.057408254213517
1863.0,1.9647671692547404,6.057865453032802
1864.0,1.964766741058032,6.058322505414309
1865.0,1.9647662930745455,6.05877941143103
1866.0,1.9647658252696991,6.059236171155824
1867.0,1.9647653376089687,6.059692784661419
1868.0,1.964764830057888,6.060149252020409
1869.0,1.9647643025820487,6.060605573305257
1870.0,1.9647637551471002,6.061061748588296
1871.0,1.9647631877187492,6.061517777941724
1872.0,1.9647626002627598,6.0619736614376105
1873.0,1.9647619927449531,6.062429399147895
1874.0,1.9647613651312077,6.062884991144384
1875.0,1.9647607173874588,6.063340437498756
1876.0,1.9647600494796988,6.063795738282558
1877.0,1.9647593613739764,6.064250893567208
1878.0,1.9647586530363974,6.064705903423995
1879.0,1.9647579244331235,6.0651607679240795
1880.0,1.964757175530373,6.065615487138492
1881.0,1.9647564062944205,6.066070061138135
1882.0,1.9647556166915965,6.066524489993784
1883.0,1.9647548066882876,6.066978773776083
1884.0,1.964753976250936,6.067432912555553
1885.0,1.96475312534604,6.0678869064025855
1886.0,1.964752253940153,6.068340755387444
1887.0,1.9647513619998842,6.068794459580268
1888.0,1.9647504494918981,6.069248019051067
1889.0,1.9647495163829145,6.069701433869728
1890.0,1.9647485626397079,6.070154704106009
1891.0,1.964747588229108,6.070607829829543
1892.0,1.9647465931179997,6.071060811109839
1893.0,1.964745577273322,6.07151364801628
1894.0,1.9647445406620687,6.071966340618125
1895.0,1.9647434832512884,6.072418888984505
1896.0,1.9647424050080837,6.072871293184433
1897.0,1.9647413058996115,6.073323553286793
1898.0,1.9647401858930829,6.073775669360345
1899.0,1.964739044955763,6.07422764147373
1900.0,1.9647378830549704,6.074679469695462
1901.0,1.9647367001580782,6.075131154093932
1902.0,1.9647354962325128,6.075582694737411
1903.0,1.9647342712457536,6.076034091694046
1904.0,1.9647330251653343,6.076485345031862
1905.0,1.9647317579588413,6.076936454818761
1906.0,1.964730469593914,6.077387421122527
1907.0,1.9647291600382455,6.0778382440108185
1908.0,1.9647278292595813,6.078288923551176
1909.0,1.96472647722572,6.0787394598110165
1910.0,1.9647251039045126,6.079189852857639
1911.0,1.964723709263863,6.079640102758222
1912.0,1.9647222932717274,6.080090209579822
1913.0,1.9647208558961142,6.080540173389378
1914.0,1.9647193971050845,6.080989994253708
1915.0,1.9647179168667508,6.081439672239512
1916.0,1.9647164151492784,6.0818892074133695
1917.0,1.9647148919208839,6.082338599841743
1918.0,1.9647133471498357,6.082787849590977
1919.0,1.9647117808044543,6.083236956727295
1920.0,1.9647101928531114,6.083685921316806
1921.0,1.9647085832642301,6.084134743425499
1922.0,1.964706952006285,6.084583423119246
1923.0,1.9647052990478016,6.085031960463802
1924.0,1.9647036243573568,6.085480355524806
1925.0,1.9647019279035784,6.085928608367779
1926.0,1.9647002096551451,6.086376719058128
1927.0,1.9646984695807863,6.086824687661141
1928.0,1.964696707649282,6.087272514241993
1929.0,1.9646949238294629,6.087720198865739
1930.0,1.9646931180902096,6.088167741597324
1931.0,1.9646912904004539,6.088615142501575
1932.0,1.9646894407291768,6.089062401643203
1933.0,1.9646875690454102,6.089509519086808
1934.0,1.9646856753182356,6.089956494896872
1935.0,1.9646837595167843,6.090403329137764
1936.0,1.9646818216102377,6.090850021873742
1937.0,1.9646798615678267,6.091296573168946
1938.0,1.9646778793588315,6.091742983087405
1939.0,1.964675874952582,6.092189251693036
1940.0,1.9646738483184571,6.09263537904964
1941.0,1.9646717994258855,6.093081365220908
1942.0,1.9646697282443446,6.093527210270418
1943.0,1.9646676347433607,6.093972914261634
1944.0,1.9646655188925093,6.0944184772579115
1945.0,1.9646633806614144,6.094863899322491
1946.0,1.964661220019749,6.0953091805185045
1947.0,1.9646590369372345,6.09575432090897
1948.0,1.9646568313836408,6.0961993205567975
1949.0,1.964654603328786,6.096644179524784
1950.0,1.9646523527425366,6.097088897875617
1951.0,1.9638313182576894,6.097532827416949
1952.0,1.9630103956035168,6.097975323155369
1953.0,1.962189582759476,6.098416389800957
1954.0,1.961368877714717,6.098856032043133
1955.0,1.960548278468017,6.099294254550788
1956.0,1.9597277830277169,6.0997310619724185
1957.0,1.9589073894116569,6.100166458936257
1958.0,1.9580870956471135,6.100600450050402
1959.0,1.9572668997707363,6.1010330399029495
1960.0,1.9564467998284865,6.101464233062118
1961.0,1.9556267938755747,6.101894034076378
1962.0,1.9548068799763998,6.1023224474745765
1963.0,1.9539870562044885,6.102749477766066
1964.0,1.9531673206424351,6.103175129440823
1965.0,1.9523476713818417,6.103599406969575
1966.0,1.9515281065232593,6.104022314803924
1967.0,1.9507086241761291,6.104443857376462
1968.0,1.949889222458724,6.104864039100897
1969.0,1.9490698994980917,6.1052828643721675
1970.0,1.9482506534299966,6.105700337566565
1971.0,1.9474314823988637,6.106116463041848
1972.0,1.946612384557722,6.10653124513736
1973.0,1.9457933580681488,6.106944688174146
1974.0,1.9449744011002146,6.107356796455063
1975.0,1.944155511832428,6.107767574264899
1976.0,1.9433366884516816,6.1081770258704795
1977.0,1.9425179291531973,6.108585155520786
1978.0,1.9416992321404736,6.1089919674470625
1979.0,1.940880595625232,6.1093974658629255
1980.0,1.9400620178273646,6.109801654964475
1981.0,1.939243496974882,6.1102045389304
1982.0,1.938425031303861,6.110606121922092
1983.0,1.9376066190583934,6.111006408083743
1984.0,1.9367882584905358,6.111405401542459
1985.0,1.935969947860258,6.1118031064083596
1986.0,1.935151685435393,6.112199526774685
1987.0,1.9343334694915881,6.1125946667178965
1988.0,1.933515298312255,6.112988530297783
1989.0,1.9326971701885207,6.113381121557559
1990.0,1.9318790834191797,6.113772444523967
1991.0,1.9310610363106446,6.114162503207377
1992.0,1.9302430271768998,6.114551301601887
1993.0,1.929425054339453,6.11493884368542
1994.0,1.9286071161272893,6.115325133419821
1995.0,1.9277892108768233,6.115710174750959
1996.0,1.9269713369318537,6.116093971608815
1997.0,1.9261534926435175,6.116476527907585
1998.0,1.925335676370244,6.116857847545771
1999.0,1.92451788647771,6.117237934406275
2000.0,1.9237001213387948,6.117616792356495
2001.0,1.9228823793335361,6.117994425248413
2002.0,1.9220646588490857,6.118370836918691
2003.0,1.9212469582796659,6.118746031188761
2004.0,1.9204292760265254,6.119120011864912
2005.0,1.9196116104978977,6.119492782738388
2006.0,1.9187939601089572,6.119864347585468
2007.0,1.9179763232817773,6.120234710167558
2008.0,1.917158698445288,6.120603874231281
2009.0,1.916341084035235,6.120971843508562
2010.0,1.9155234784941377,6.121338621716712
2011.0,1.9147058802712478,6.121704212558519
2012.0,1.9138882878225096,6.122068619722327
2013.0,1.913070699610519,6.122431846882128
2014.0,1.9122531141044827,6.122793897697638
2015.0,1.9114355297801804,6.123154775814384
2016.0,1.910617945119923,6.123514484863787
2017.0,1.909800358612515,6.123873028463242
2018.0,1.908982768753215,6.124230410216202
2019.0,1.9081651740436976,6.124586633712257
2020.0,1.9073475729920144,6.12494170252721
2021.0,1.9065299641125566,6.1252956202231665
2022.0,1.9057123459260172,6.125648390348604
2023.0,1.9048947169593538,6.126000016438454
2024.0,1.9040770757457508,6.126350502014179
2025.0,1.9032594208245837,6.126699850583853
2026.0,1.902441750741381,6.127048065642231
2027.0,1.9016240640477902,6.127395150670831
2028.0,1.900806359301539,6.127741109138009
2029.0,1.8999886350664021,6.128085944499031
2030.0,1.8991708899121647,6.128429660196149
2031.0,1.898353122414587,6.128772259658673
2032.0,1.8975353311553702,6.129113746303048
2033.0,1.8967175147221207,6.129454123532923
2034.0,1.8958996717083172,6.129793394739226
2035.0,1.8950818007132753,6.13013156330023
2036.0,1.8942639003421142,6.130468632581634
2037.0,1.8934459692057233,6.130804605936623
2038.0,1.8926280059207283,6.131139486705946
2039.0,1.891810009109459,6.13147327821798
2040.0,1.890991977399915,6.131805983788803
2041.0,1.8901739094257353,6.13213760672226
2042.0,1.8893558038261633,6.132468150310032
2043.0,1.8885376592460168,6.132797617831703
2044.0,1.8877194743356553,6.133126012554828
2045.0,1.8869012477509484,6.1334533377349985
2046.0,1.8860829781532444,6.133779596615909
2047.0,1.8852646642093394,6.134104792429423
2048.0,1.884446304591446,6.134428928395638
2049.0,1.8836278979771626,6.134752007722949
2050.0,1.8828094430494438,6.135074033608114
2051.0,1.8819909384965685,6.1353950092363165
2052.0,1.8811723830121116,6.135714937781231
2053.0,1.8803537752949133,6.136033822405081
2054.0,1.8795351140490495,6.136351666258709
2055.0,1.8787163979838026,6.136668472481631
2056.0,1.8778976258136324,6.136984244202101
2057.0,1.8770787962581472,6.137298984537173
2058.0,1.8762599080420752,6.13761269659276
2059.0,1.8754409598952355,6.137925383463695
2060.0,1.8746219505525101,6.138237048233789
2061.0,1.8738028787538161,6.138547693975893
2062.0,1.8729837432440772,6.138857323751955
2063.0,1.8721645427731968,6.139165940613079
2064.0,1.8713452760960294,6.139473547599583
2065.0,1.8705259419723548,6.139780147741057
2066.0,1.8697065391668495,6.140085744056418
2067.0,1.8688870664490609,6.140390339553971
2068.0,1.8680675225933803,6.140693937231461
2069.0,1.867247906379016,6.140996540076133
2070.0,1.8664282165899675,6.141298151064782
2071.0,1.8656084520149994,6.141598773163816
2072.0,1.8647886114476149,6.141898409329304
2073.0,1.863968693686031,6.142197062507034
2074.0,1.8631486975331515,6.142494735632566
2075.0,1.8623286217965433,6.142791431631285
2076.0,1.8615084652884104,6.143087153418457
2077.0,1.8606882268255682,6.143381903899279
2078.0,1.85986790522942,6.143675685968931
2079.0,1.8590474993259318,6.143968502512633
2080.0,1.8582270079456071,6.144260356405692
2081.0,1.857406429923464,6.144551250513553
2082.0,1.8565857640990098,6.144841187691855
2083.0,1.8557650093162175,6.14513017078648
2084.0,1.8549441644235025,6.145418202633599
2085.0,1.8541232282736984,6.145705286059727
2086.0,1.8533021997240333,6.145991423881773
2087.0,1.8524810776361076,6.146276618907084
2088.0,1.8516598608758694,6.146560873933501
2089.0,1.850838548313593,6.1468441917494
2090.0,1.850017138823855,6.14712657513375
2091.0,1.8491956312855125,6.14740802685615
2092.0,1.8483740245816795,6.147688549676886
2093.0,1.8475523175997062,6.147968146346974
2094.0,1.8467305092311552,6.148246819608207
2095.0,1.8459085983717807,6.148524572193203
2096.0,1.8450865839215058,6.14880140682545
2097.0,1.8442644647844015,6.149077326219354
2098.0,1.8434422398686647,6.149352333080282
2099.0,1.8426199080865968,6.14962643010461
2100.0,1.8417974683545828,6.1498996199797675
2101.0,1.8409749195930696,6.150171905384282
2102.0,1.840152260726546,6.150443288987822
2103.0,1.8393294906835207,6.150713773451246
2104.0,1.8385066083965027,6.15098336142664
2105.0,1.83768361280198,6.151252055557365
2106.0,1.8368605028403997,6.1515198584781015
2107.0,1.8360372774561478,6.151786772814888
2108.0,1.8352139355975283,6.152052801185168
2109.0,1.8343904762167444,6.152317946197832
2110.0,1.833566898269878,6.152582210453256
2111.0,1.83274320071687,6.152845596543347
2112.0,1.831919382521501,6.153108107051585
2113.0,1.8310954426513715,6.15336974455306
2114.0,1.8302713800778831,6.153630511614518
2115.0,1.8294471937762191,6.153890410794399
2116.0,1.8286228827253255,6.154149444642879
2117.0,1.8277984459078918,6.154407615701909
2118.0,1.826973882310333,6.154664926505253
2119.0,1.82614919092277,6.154921379578535
2120.0,1.825324370739012,6.155176977439268
2121.0,1.8244994207565377,6.155431722596902
2122.0,1.8236743399764765,6.15568561755286
2123.0,1.8228491274035916,6.155938664800573
2124.0,1.8220237820462608,6.156190866825525
2125.0,1.8211983029164593,6.156442226105285
2126.0,1.8203726890297416,6.15669274510955
2127.0,1.8195469394052242,6.156942426300177
2128.0,1.8187210530655675,6.157191272131228
2129.0,1.8178950290369593,6.157439285048998
2130.0,1.8170688663490964,6.157686467492059
2131.0,1.8162425640351678,6.157932821891295
2132.0,1.8154161211318385,6.158178350669936
2133.0,1.8145895366792313,6.158423056243596
2134.0,1.8137628097209106,6.15866694102031
2135.0,1.8129359393038658,6.158910007400566
2136.0,1.812108924478494,6.159152257777345
2137.0,1.8112817642985843,6.159393694536153
2138.0,1.8104544578213009,6.159634320055057
2139.0,1.8096270041071671,6.15987413670472
2140.0,1.808799402220049,6.160113146848435
2141.0,1.8079716512271393,6.16035135284216
2142.0,1.8071437501989414,6.160588757034553
2143.0,1.8063156982092539,6.160825361767001
2144.0,1.8054874943351542,6.161061169373661
2145.0,1.8046591376569836,6.161296182181487
2146.0,1.803830627258331,6.161530402510267
2147.0,1.8030019622260183,6.161763832672654
2148.0,1.802173141650084,6.161996474974201
2149.0,1.8013441646237687,6.16222833171339
2150.0,1.8005150302435,6.162459405181668
2151.0,1.7996857376088773,6.162689697663477
2152.0,1.7988562858226564,6.162919211436286
2153.0,1.7980266739907356,6.163147948770625
2154.0,1.79719690122214,6.163375911930113
2155.0,1.7963669666290076,6.163603103171492
2156.0,1.7955368693265743,6.1638295247446555
2157.0,1.7947066084331593,6.164055178892684
2158.0,1.7938761830701513,6.1642800678518705
2159.0,1.793045592361994,6.164504193851753
2160.0,1.792214835436171,6.164727559115148
2161.0,1.7913839114231942,6.1649501658581745
2162.0,1.7905528194565865,6.165172016290288
2163.0,1.7897215586728703,6.1653931126143116
2164.0,1.7888901282115528,6.16561345702646
2165.0,1.7880585272151126,6.165833051716374
2166.0,1.7872267548289855,6.166051898867149
2167.0,1.7863948102015514,6.16627000065536
2168.0,1.785562692484121,6.166487359251096
2169.0,1.784730400830922,6.166703976817984
2170.0,1.7838979343990857,6.16691985551322
2171.0,1.7830652923486348,6.167134997487598
2172.0,1.7822324738424686,6.167349404885535
2173.0,1.7813994780463516,6.1675630798451
2174.0,1.7805663041288995,6.1677760244980435
2175.0,1.7797329512615667,6.167988240969824
2176.0,1.7788994186186338,6.168199731379635
2177.0,1.7780657053771942,6.16841049784043
2178.0,1.7772318107171419,6.168620542458956
2179.0,1.776397733821159,6.1688298673357735
2180.0,1.7755634738747033,6.169038474565287
2181.0,1.7747290300659952,6.16924636623577
2182.0,1.7738944015860065,6.169453544429391
2183.0,1.7730595876284474,6.169660011222243
2184.0,1.7722245873897544,6.169865768684365
2185.0,1.7713894000690784,6.170070818879769
2186.0,1.770554024868273,6.17027516386647
2187.0,1.7697184609918815,6.170478805696504
2188.0,1.7688827076471265,6.170681746415961
2189.0,1.768046764043897,6.170883988065005
2190.0,1.7672106293947374,6.1710855326779
2191.0,1.7663743029148349,6.171286382283037
2192.0,1.7655377838220094,6.171486538902957
2193.0,1.7647010713367008,6.171686004554376
2194.0,1.7638641646819582,6.171884781248209
2195.0,1.763027063083428,6.172082870989595
2196.0,1.7621897657693433,6.172280275777921
2197.0,1.7613522719705121,6.172476997606846
2198.0,1.7605145809203069,6.172673038464323
2199.0,1.759676691854653,6.172868400332627
2200.0,1.7588386040120172,6.173063085188374
2201.0,1.7580003166333982,6.173257095002547
2202.0,1.757161828962314,6.173450431740517
2203.0,1.756323140244793,6.173643097362071
2204.0,1.7554842497293615,6.1738350938214275
2205.0,1.754645156667034,6.174026423067267
2206.0,1.7538058603113027,6.174217087042749
2207.0,1.7529663599181264,6.174407087685536
2208.0,1.7521266547459204,6.174596426927819
2209.0,1.7512867440555462,6.174785106696334
2210.0,1.750446627110301,6.174973128912392
2211.0,1.749606303175907,6.175160495491893
2212.0,1.7487657715205023,6.17534720834535
2213.0,1.7479250314146295,6.175533269377916
2214.0,1.7470840821312263,6.1757186804894
2215.0,1.7462429229456156,6.175903443574287
2216.0,1.7454015531354952,6.1760875605217675
2217.0,1.7445599719809277,6.17627103321575
2218.0,1.7437181787643314,6.176453863534887
2219.0,1.7428761727704698,6.176636053352594
2220.0,1.742033953286442,6.176817604537071
2221.0,1.7411915196016734,6.176998518951323
2222.0,1.740348871007906,6.177178798453181
2223.0,1.7395060067991888,6.177358444895322
2224.0,1.7386629262718676,6.177537460125289
2225.0,1.7378196287245766,6.177715845985511
2226.0,1.7369761134582289,6.177893604313325
2227.0,1.7361323797760062,6.1780707369409935
2228.0,1.735288426983351,6.178247245695726
2229.0,1.7344442543879564,6.178423132399697
2230.0,1.7335998612997565,6.178598398870068
2231.0,1.732755247030919,6.178773046919004
2232.0,1.7319104108958345,6.178947078353697
2233.0,1.7310653522111084,6.17912049497638
2234.0,1.7302200702955515,6.1792932985843505
2235.0,1.7293745644701712,6.179465490969986
2236.0,1.7285288340581635,6.179637073920767
2237.0,1.7276828783849025,6.179808049219292
2238.0,1.7268366967779336,6.179978418643298
2239.0,1.7259902885669633,6.180148183965678
2240.0,1.7251436530838513,6.180317346954501
2241.0,1.724296789662602,6.180485909373028
2242.0,1.7234496976393556,6.180653872979734
2243.0,1.7226023763523801,6.180821239528322
2244.0,1.7217548251420622,6.180988010767743
2245.0,1.7209070433508995,6.181154188442213
2246.0,1.720059030323492,6.181319774291233
2247.0,1.719210785406534,6.181484770049604
2248.0,1.7183623079488053,6.181649177447445
2249.0,1.7175135973011637,6.181812998210213
2250.0,1.7166646528165366,6.181976234058716
2251.0,1.7158154738499127,6.182138886709136
2252.0,1.7149660597583347,6.182300957873038
2253.0,1.71411640990089,6.182462449257398
2254.0,1.7132665236387044,6.182623362564609
2255.0,1.7124164003349323,6.182783699492505
2256.0,1.7115660393547507,6.182943461734376
2257.0,1.7107154400653506,6.183102650978982
2258.0,1.709864601835929,6.183261268910573
2259.0,1.7090135240376811,6.183419317208904
2260.0,1.7081622060437938,6.183576797549253
2261.0,1.7073106472294364,6.183733711602433
2262.0,1.706458846971754,6.1838900610348135
2263.0,1.7056068046498605,6.184045847508332
2264.0,1.7047545196448295,6.184201072680515
2265.0,1.7039019913396882,6.184355738204487
2266.0,1.7030492191194095,6.184509845728993
2267.0,1.7021962023709045,6.184663396898411
2268.0,1.7013429404830158,6.184816393352766
2269.0,1.7004894328465094,6.1849688367277516
2270.0,1.6996356788540679,6.185120728654737
2271.0,1.6987816779002833,6.1852720707607896
2272.0,1.69792742938165,6.185422864668686
2273.0,1.6970729326965568,6.18557311199693
2274.0,1.696218187245281,6.185722814359764
2275.0,1.695363192429981,6.185871973367187
2276.0,1.694507947654689,6.18602059062497
2277.0,1.6936524523253036,6.186168667734669
2278.0,1.6927967058495843,6.186316206293638
2279.0,1.6919407076371433,6.186463207895048
2280.0,1.6910844570994394,6.186609674127899
2281.0,1.6902279536497709,6.186755606577035
2282.0,1.6893711967032687,6.186901006823157
2283.0,1.6885141856768902,6.18704587644284
2284.0,1.6876569199894114,6.187190217008546
2285.0,1.6867993990614218,6.187334030088636
2286.0,1.6859416223153167,6.187477317247388
2287.0,1.6850835891752907,6.187620080045007
2288.0,1.6842252990673316,6.187762320037642
2289.0,1.6833667514192139,6.187904038777399
2290.0,1.6825079456604919,6.188045237812353
2291.0,1.6816488812224932,6.188185918686564
2292.0,1.6807895575383132,6.1883260829400895
2293.0,1.6799299740428075,6.188465732108998
2294.0,1.6790701301725868,6.188604867725383
2295.0,1.6782100253660093,6.188743491317374
2296.0,1.6773496590631758,6.188881604409154
2297.0,1.6764890307059226,6.189019208520969
2298.0,1.6756281397378154,6.189156305169143
2299.0,1.6747669856041436,6.18929289586609
2300.0,1.6739055677519137,6.189428982120327
